# Created by Octave 6.2.0, Thu Mar 25 19:53:52 2021 CET <m@archaeopteryx>
# name: centroid_blue
# type: matrix
# rows: 25
# columns: 3
 960.62508679637051 19903.89955982989 1.0009101775975597
 1111.8636100730316 16269.357140024627 1.0009356422296676
 2813.83128857154 20268.92141970167 1.0009209879992909
 2991.0632060344456 3470.8283347957245 1.0000146057486907
 3743.5295009059541 2639.5436548944367 1.0002641238000503
 4566.3605748814516 9867.4526385688641 1.0008478362721898
 5257.6072083435756 2971.6135474232142 1.0001616870852938
 5248.6567143245702 12662.094818189267 1.0008081959739772
 6768.9606493578967 15645.121061890832 1.0000553456916705
 6904.7009165723257 16486.728751859573 1.0009920909376102
 8896.9460481389033 10422.020814869631 1.0005837498331482
 9295.2170059016316 13320.634643093477 1.0000094137490414
 11048.920827921043 18363.746818405121 1.0007809980651099
 11391.743451017706 4205.3844682951776 1.0002599404071664
 11329.59986743953 17147.246022175434 1.0002566897891292
 12315.913067407697 792.47210015122721 1.0007402229294193
 13369.023701570417 1704.8509659960803 1.0001741624887528
 13860.3182080482 6906.6613807578506 1.0007153744500692
 14074.153837480153 2635.3520924690188 1.0009274958001204
 14918.919644961657 5537.7567016103249 1.000536644743111
 14970.062422256298 10249.079951637066 1.0009872660753898
 16380.817715657227 17070.259977903032 1.0004997801415472
 16967.947513607327 13341.240365477724 1.0007358399952202
 17443.405395931517 5155.4634960556696 1.0007866465328381
 20954.120697875594 9832.3654256251211 1.0005470854173444


