# Created by Octave 6.2.0, Thu Mar 25 19:53:52 2021 CET <m@archaeopteryx>
# name: centroid_blue_transformed
# type: matrix
# rows: 25
# columns: 3
 987.93384546253765 19303.532930323854 1.0009101775975597
 1143.5747296544178 15467.85536059225 1.0009356422296676
 2838.6849800083201 19683.699322221801 1.0009209879992909
 3031.5456330620018 4598.8772100419737 1.0000146057486907
 3785.4799318564746 3102.0679087061435 1.0002641238000503
 4601.5867649959819 9105.5235059433617 1.0008478362721898
 5296.9346940704945 3735.8455887273885 1.0001616870852938
 5279.5041370557119 12119.383512663655 1.0008081959739772
 6790.5745563808032 17188.374655403197 1.0000553456916705
 6929.9832169265846 15638.943005818408 1.0009920909376102
 8925.302345950171 10433.249278978445 1.0005837498331482
 9316.6170577302055 14934.747563365847 1.0000094137490414
 11066.199955071297 18199.049242823385 1.0007809980651099
 11423.236714928988 4858.9876770796254 1.0002599404071664
 11345.33875867172 18298.262096731458 1.0002566897891292
 12353.03030061623 88.121705348137766 1.0007402229294193
 13400.923699682464 2517.1190069252625 1.0001741624887528
 13888.11810417296 6522.5495027131401 1.0007153744500692
 14108.029997489148 1543.7694273563102 1.0009274958001204
 14946.286881270325 5581.2571565629914 1.000536644743111
 14993.950322409853 9305.1903937333263 1.0009872660753898
 16392.279610315796 17668.939439916052 1.0004997801415472
 16984.53122236456 13196.912221276201 1.0007358399952202
 17469.720044588146 4577.212597288657 1.0007866465328381
 20969.571125606344 10106.885687425267 1.0005470854173444


