# Created by Octave 6.2.0, Thu Mar 25 19:53:52 2021 CET <m@archaeopteryx>
# name: centroid_red
# type: matrix
# rows: 25
# columns: 3
 990.65287260636217 19934.443642169306 1.0009101775975597
 1136.2917409299309 16319.781096441491 1.0009356422296676
 2837.8789686359378 20289.916213691708 1.0009209879992909
 3035.9769836248356 3505.1616879578323 1.0000146057486907
 3794.4373156646179 2677.113896748921 1.0002641238000503
 4598.8059729840488 9902.0787998920368 1.0008478362721898
 5275.5510546305177 12702.273818822154 1.0001616870852938
 5298.1315292363442 3008.9680958911699 1.0008081959739772
 6791.3090648671969 15670.914554063938 1.0000553456916705
 6924.5314828269393 16519.706899093184 1.0009920909376102
 8918.1989923170859 10458.279540933489 1.0005837498331482
 9320.2132322698399 13353.642590574842 1.0000094137490414
 11070.40532805116 18407.032114705482 1.0007809980651099
 11424.19910881718 4242.8190483964609 1.0002599404071664
 11349.124160786676 17192.425562921951 1.0002566897891292
 12349.69141413491 821.51719119084953 1.0007402229294193
 13400.657985230167 1741.309026914704 1.0001741624887528
 13887.420045353649 6942.895579686493 1.0007153744500692
 14108.35286199684 2675.1058889345159 1.0009274958001204
 14946.082723359666 5583.6205688558957 1.000536644743111
 14999.382396684456 10280.296765989979 1.0009872660753898
 16394.325655272671 17109.882614116799 1.0004997801415472
 16983.907248807347 13380.646354149472 1.0007358399952202
 17463.476939903583 5191.7974059507205 1.0007866465328381
 20969.933551349637 9864.7270398763667 1.0005470854173444


