# Created by Octave 6.2.0, Thu Mar 25 19:53:52 2021 CET <m@archaeopteryx>
# name: rotation
# type: matrix
# rows: 3
# columns: 3
 0.99888561600899162 -0.0012213701069501216 5174.9123973590295
 0.015816246680712402 1.0378601277551214 -2588803.7609773474
 -7.8796901160935764e-25 -3.6259794113308662e-24 1


