# Created by Octave 6.2.0, Thu Mar 25 19:53:52 2021 CET <m@archaeopteryx>
# name: translation
# type: matrix
# rows: 1
# columns: 3
 -5126.933194874071 2589790.9078720603 0


