# Created by Octave 6.2.0, Mon Jun 21 14:02:13 2021 CEST <m@archaeopteryx>
# name: centroid_blue_transformed
# type: matrix
# rows: 12
# columns: 3
 2322.2480292269029 18080.6021632224 1.0005961547855491
 3788.8161911473144 4653.9903892379607 1.0002000738315393
 5146.7513369732824 6451.3843426030671 1.0006150177290893
 7722.4373428790695 17964.620324031828 1.0004796377912959
 9660.5070601467687 16705.574405422922 1.0008642800909722
 9870.0395711432302 9301.0713194026557 1.0007535362073474
 10801.257472535059 4783.5021406682645 1.0006071477790235
 12724.719259209714 1093.2116021719721 1.0007184780958076
 12798.983961152449 15536.124415129283 1.0005879865715539
 12962.230322346617 11283.66431038096 1.0005330745308223
 17800.743427571164 3321.682100804941 1.0007581148241154
 18735.132579072575 3447.1891438915609 1.0007172218678562


