# Created by Octave 6.2.0, Mon Jun 21 14:02:13 2021 CEST <m@archaeopteryx>
# name: centroid_blue
# type: matrix
# rows: 12
# columns: 3
 2294.2936114295303 18047.200243201849 1.0005961547855491
 3750.8123039843031 4625.2656495302144 1.0002000738315393
 5108.8684944917195 6418.9262151837038 1.0006150177290893
 7701.8583319445843 17930.392791533373 1.0004796377912959
 9637.5459232316971 16668.167629582371 1.0008642800909722
 9839.8922901138649 9265.6514486650212 1.0007535362073474
 10768.368914881092 4749.6140775408203 1.0006071477790235
 12689.016607546213 1058.538827867905 1.0007184780958076
 12780.846306036618 15499.934477554661 1.0005879865715539
 12939.942965549726 11248.539117766475 1.0005330745308223
 17773.344275721603 3284.7582889632031 1.0007581148241154
 18709.351922339076 3410.2480413113572 1.0007172218678562


