# Created by Octave 6.2.0, Mon Jun 21 14:02:13 2021 CEST <m@archaeopteryx>
# name: centroid_red
# type: matrix
# rows: 12
# columns: 3
 2319.6697876727835 18079.599449391084 1.0005961547855491
 3787.747895907808 4652.1936686596855 1.0002000738315393
 5151.5988960801214 6456.4665634750072 1.0006150177290893
 7718.4577301958807 17965.027968717517 1.0004796377912959
 9657.7821683533275 16701.321550981462 1.0008642800909722
 9874.1325460871467 9302.9137531715896 1.0007535362073474
 10796.419061716579 4779.6026548058908 1.0006071477790235
 12726.310765552036 1093.9859791721813 1.0007184780958076
 12805.507727456459 15541.651815435553 1.0005879865715539
 12965.445676507841 11281.281037548779 1.0005330745308223
 17796.782890135684 3320.935637586108 1.0007581148241154
 18734.01140773845 3447.6365780229289 1.0007172218678562


