# Created by Octave 6.2.0, Mon Jun 21 14:02:13 2021 CEST <m@archaeopteryx>
# name: rotation
# type: matrix
# rows: 3
# columns: 3
 0.99879568271914765 -0.0011314629744777862 8540.7844214393717
 0.00031245120110933372 1.0001685455397931 7246.1553314330058
 -3.2002687828434166e-24 0 0.99999999999999967


