# Created by Octave 6.2.0, Mon Jun 21 14:02:13 2021 CEST <m@archaeopteryx>
# name: translation
# type: matrix
# rows: 1
# columns: 3
 -8494.7388368354204 -7220.8318714914512 4.4408920985006262e-16


