# Created by Octave 6.2.0, Mon Jun 21 12:30:35 2021 CEST <m@archaeopteryx>
# name: centroid_blue
# type: matrix
# rows: 25
# columns: 3
 960.62508679637051 19903.89955982989 0
 1111.8636100730316 16269.357140024627 0
 2813.83128857154 20268.92141970167 0
 2991.0632060344456 3470.8283347957245 0
 3743.5295009059541 2639.5436548944367 0
 4566.3605748814516 9867.4526385688641 0
 5257.6072083435756 2971.6135474232142 0
 5248.6567143245702 12662.094818189267 0
 6768.9606493578967 15645.121061890832 0
 6904.7009165723257 16486.728751859573 0
 8896.9460481389033 10422.020814869631 0
 9295.2170059016316 13320.634643093477 0
 11048.920827921043 18363.746818405121 0
 11391.743451017706 4205.3844682951776 0
 11329.59986743953 17147.246022175434 0
 12315.913067407697 792.47210015122721 0
 13369.023701570417 1704.8509659960803 0
 13860.3182080482 6906.6613807578506 0
 14074.153837480153 2635.3520924690188 0
 14918.919644961657 5537.7567016103249 0
 14970.062422256298 10249.079951637066 0
 16380.817715657227 17070.259977903032 0
 16967.947513607327 13341.240365477724 0
 17443.405395931517 5155.4634960556696 0
 20954.120697875594 9832.3654256251211 0


