# Created by Octave 6.2.0, Mon Jun 21 12:30:35 2021 CEST <m@archaeopteryx>
# name: rotation
# type: matrix
# rows: 3
# columns: 3
 0.99999986164310506 -0.00052603590213878837 0
 0.00052603590213878837 0.99999986164310506 0
 0 0 1


