# Created by Octave 6.2.0, Mon Jun 21 12:30:35 2021 CEST <m@archaeopteryx>
# name: translation
# type: matrix
# rows: 1
# columns: 3
 32.791504680930302 31.042286044788852 0


