# Created by Octave 6.2.0, Thu Jun 24 17:49:33 2021 CEST <m@archaeopteryx>
# name: rekovered_transform
# type: matrix
# rows: 3
# columns: 3
 0.34200987162690727 -4.0091189657525863e-05 -0.61390603998193238
 0.0001603083903648028 0.99953193457846801 1.013534329629542
 0.93966442096598568 -0.00011066598013261289 1.2354193980053834


