# Created by Octave 6.2.0, Thu Jun 24 17:49:33 2021 CEST <m@archaeopteryx>
# name: rekovered_translation
# type: matrix
# rows: 1
# columns: 3
 0.001425076916942076 0.0093445534513628831 0.0069304125345657514


