# Created by Octave 6.2.0, Thu Jun 24 17:49:33 2021 CEST <m@archaeopteryx>
# name: simulated_translation
# type: matrix
# rows: 1
# columns: 3
 0 0.0050000000000000001 0.0030000000000000001


