# Created by Octave 6.2.0, Mon Jun 21 14:02:05 2021 CEST <m@archaeopteryx>
# name: centroid_blue_transformed
# type: matrix
# rows: 25
# columns: 3
 988.41839408406031 19111.744696875336 1.000955350967738
 1141.1119442777444 16675.559000472771 1.0002803930286843
 2836.1038362823692 20933.209594883723 1.0000635624609786
 3033.5831339894012 3577.2297696117312 1.0005654314021877
 3784.7304343885498 3431.4329597703181 1.0001576452082008
 4600.281153594713 9767.69603001629 1.0006007683263327
 5297.8819638174609 3248.7780482345261 1.0004393569408543
 5279.0907143102122 12348.065397304948 1.0006899237653022
 6795.0277530082403 15002.454589862376 1.0008338517945718
 6928.3643097261993 16451.981926843291 1.0004629401143583
 8924.9472987497593 10601.809229606763 1.0003720103556384
 9319.6324913436983 13421.456892440328 1.0003836287859074
 11066.536406237365 18050.794116500532 1.0005536739965009
 11424.344061282924 4302.5566291389987 1.0004521768334589
 11346.408561285903 17726.94342262554 1.0000332840928177
 12350.988462669062 1094.8909104042687 1.0003535032525834
 13403.620765702555 1203.7530095705297 1.000806541578128
 13887.224703358817 6968.4460407900624 1.0004126055396532
 14107.398656650974 1909.4288516619708 1.0009208998389654
 14946.605083390739 5431.9108184904326 1.0005121204516951
 14991.98084210599 10289.856592270313 1.000375866095546
 16393.282215767427 17161.832117799204 1.0002566525286312
 16983.758846456087 13569.952004328836 1.000206081653777
 17468.584966480001 5148.5647869308013 1.0004240045776143
 20969.03163138132 10346.008561538998 1.0000206445559179


