# Created by Octave 6.2.0, Mon Jun 21 14:02:05 2021 CEST <m@archaeopteryx>
# name: rotation
# type: matrix
# rows: 3
# columns: 3
 0.99896453951500497 -0.0011091585170189162 3584.8978265222331
 -0.022314795787935566 0.98258396634226941 -1686671.4222921417
 -3.9243285265913917e-24 0 1


