# Created by Octave 6.2.0, Mon Jun 21 14:02:05 2021 CEST <m@archaeopteryx>
# name: translation
# type: matrix
# rows: 1
# columns: 3
 -3537.4580858054069 1687858.7137420247 0


