# Created by Octave 6.2.0, Mon Jun 21 14:02:08 2021 CEST <m@archaeopteryx>
# name: centroid_blue_transformed
# type: matrix
# rows: 18
# columns: 3
 756.87835474602798 4621.9622414212172 1.0009327923754288
 1062.6711639955993 21551.777747292985 1.0007982802894251
 1311.9954804450247 2749.106081319871 1.0001419331707175
 3586.7308949274711 21169.563160457354 1.0004293334204726
 3794.2349924809673 9253.3460121236749 1.0000122409649406
 4056.2121593961824 15246.567687924839 1.0007601329969629
 6164.7585596201034 6668.957967286995 1.0000051249902773
 6399.8144792524126 14471.406167619822 1.0008193553635745
 8402.0662394017018 17157.700248493395 1.0002378255597781
 9687.1577836743054 21256.761376794919 1.0005858237480885
 11082.667343864539 6122.8756992860908 1.0007914232791273
 12110.018736765649 1137.4156951468685 1.0003351520276789
 12401.783679993991 14483.72442774268 1.0007275120399455
 13570.872397578891 9972.0697881806555 1.0006069746754376
 14096.51592304224 11050.310553420819 1.0007826396151402
 17002.002259064226 16748.53418532349 1.0007694770297169
 17486.048296917994 831.93045783749403 1.0004993267931777
 19936.388087206651 15324.994186563792 1.0007520502975655


