# Created by Octave 6.2.0, Mon Jun 21 14:02:08 2021 CEST <m@archaeopteryx>
# name: centroid_red
# type: matrix
# rows: 18
# columns: 3
 746.79692951162804 4623.0234511844683 1.0009327923754288
 1060.488734105179 21543.60597962463 1.0007982802894251
 1311.7140254167143 2751.308351451069 1.0001419331707175
 3580.4119464747787 21158.844151468413 1.0004293334204726
 3801.3392231223229 9263.6892521483769 1.0000122409649406
 4054.9596445035704 15250.691707034204 1.0007601329969629
 6165.7735225161359 6663.2101767928498 1.0000051249902773
 6412.5617077750485 14488.287813923811 1.0008193553635745
 8397.7827069249706 17159.703700634258 1.0002378255597781
 9688.752075780576 21256.65708598305 1.0005858237480885
 11085.534579376279 6107.8777664643058 1.0007914232791273
 12104.326782097547 1135.5254534038761 1.0003351520276789
 12406.557229024555 14486.850850056437 1.0007275120399455
 13572.5813983835 9966.137228432608 1.0006069746754376
 14110.863491037911 11055.813099795414 1.0007826396151402
 16997.96151612551 16747.014123538855 1.0007694770297169
 17484.262989798077 831.33970863783406 1.0004993267931777
 19926.148330399679 15329.42378366248 1.0007520502975655


