# Created by Octave 6.2.0, Mon Jun 21 14:02:08 2021 CEST <m@archaeopteryx>
# name: rotation
# type: matrix
# rows: 3
# columns: 3
 0.99936955973631691 -0.0014736091864929954 -133.24561910400411
 0.00069180522575775112 1.0005590269412996 14615.428920775912
 -2.8664115997093633e-24 -7.694246644617705e-24 1.0000000000000004


