# Created by Octave 6.2.0, Mon Jun 21 14:02:08 2021 CEST <m@archaeopteryx>
# name: translation
# type: matrix
# rows: 1
# columns: 3
 185.66073852617228 -14590.243813337791 -4.4408920985006262e-16


