# Created by Octave 6.2.0, Thu Mar 25 18:58:55 2021 CET <m@archaeopteryx>
# name: p_shifted
# type: matrix
# rows: 100
# columns: 3
 0.79849670596582978 -0.78730511827523242 0.00019476171363447064
 0.097820985395079732 0.93700897075266132 0.00041978331884319736
 0.20167256449482632 -1.0586328122982094 0.00042499477666000241
 -0.74756037230895311 0.45296444029487004 -8.9350685229959339e-06
 0.18266786379466943 0.9343622241357179 -0.00041290978244896352
 -0.41992824114553812 -0.91153589131234847 0.00014800833202067141
 -0.82374209054495851 0.29737534636487956 0.00035498927347268363
 -0.21129562587742418 0.88435859578957443 -0.00011842279202556772
 -0.88104236035992967 -0.20303951209596863 0.00015448169666295621
 0.69115612352493438 0.75021632252753745 -0.00016761677272514563
 0.36139741634791306 -1.0305754844377617 2.5324355374869685e-05
 0.80981948892357347 0.65050281428917733 -0.00039518228605536678
 1.0532928450170853 0.26644648120777376 -0.00033590237288790578
 -0.79663240761641785 0.36093680622997004 -0.00044793139238677047
 -0.885394051078364 -0.16778412011900923 -0.00037908270939812487
 0.30851856456656135 -1.0428405332908737 -0.00040425216991655778
 -0.30534745842189498 0.84714879833035017 0.00021308312584185872
 -0.88489101814373694 0.04659500813661574 -2.8725236545198204e-06
 -0.89085279509796389 -0.052544322564715792 -0.00036720119674552731
 0.98913754389267361 -0.5378191937627288 -0.00036840548799273621
 0.37464029752969269 0.90117042106919254 0.00029251364332075181
 0.14254526948700177 -1.0623678209047558 -0.00035123020371208947
 1.0641417282627199 -0.35937731585750665 0.00020544150197594193
 -0.86112368708990994 0.17930999460104338 0.00037745194463181266
 0.35627904917079173 -1.0318956080008244 0.00023406043443224356
 -0.53334274405964799 -0.8292668004060858 -0.00046194095597265286
 -0.17181617004722732 0.89680677610863491 0.00042306253799358857
 -0.22787998006222054 0.87858671636638064 0.00017747352271941966
 -0.89088934591509827 -0.068819118783008254 0.00018026300743871485
 1.0323647945386045 0.32122058125195557 -0.00016357581542718471
 -0.86474497623537661 0.16431469991201569 0.00012298254162045768
 -0.84459933374344964 0.23785542294564316 -0.00031864260115789891
 0.33842838045533652 0.91042003834345342 0.0002020464023546626
 -0.83920371323563847 0.25445678007401662 0.00028230925494631591
 -0.88726753416266035 0.022308011390032856 0.00017293568051723396
 1.0944429881882416 0.10761865350537392 -0.00028236653813254865
 0.75386755910772729 -0.82730054016723253 -0.00030021829082966275
 -0.022310838334184777 -1.054256377004035 -0.00035175538719975043
 -0.88734937385151058 0.021345876418536816 -0.00019631816796022517
 -0.71441010216393841 0.50438383903573136 -0.00023647457277206174
 -0.88037075669280751 -0.20770623570158872 0.00033742041157885537
 0.10286802528215007 -1.0629081175097947 -0.00032016550029679528
 -0.05790657168503939 -1.0488844123380858 -0.00047369808935801794
 -0.61168725653980038 0.63023582784858834 0.00020252252582720872
 0.61916047263259189 -0.92306206423118686 0.00026739989177868733
 0.18979640334623171 -1.0596656794095218 -0.00017005497000916538
 -0.82296651217446937 -0.42523193805297499 -0.00010699344088175244
 0.094717405585606554 0.93696916680495079 0.0002962684451549341
 -0.60563485980457565 0.63647486444264412 -0.00022340335365480688
 -0.86854568043489755 -0.27321783501234115 0.00031854321527788863
 0.71129184664610323 -0.86127385337275431 -0.00021780360239763495
 -0.52188276845529757 -0.83872979114891155 0.00027133294842759991
 -0.15943874861649043 0.90034325630975665 0.00023292563100927493
 -0.89075632122523718 -0.080269302599435211 -7.785745223249464e-05
 -0.43776823732316911 0.77429557045098785 -0.00040470929194084618
 0.87694700826004102 0.57769773124301538 4.4908836440711803e-05
 -0.72698380169792709 -0.61153945486946826 -0.00022954317435704618
 -0.701028143518309 0.52333460493377293 0.00022075083933336325
 0.70821315172780952 0.7377318593536899 -0.00041144714060016075
 0.81944662708543103 -0.76677275349026686 0.00028441875180488466
 -0.87714414254913253 0.10240765047565611 -0.00041349118078932859
 1.0532917935285457 0.26644949544077162 -0.00017224065412902177
 0.75531980573688851 0.70021816707978135 -0.00040976221370989162
 0.83605376471487536 -0.74960680872379115 -0.00044431371561522729
 0.50730607005664075 0.8543655819149697 0.00027504045333824872
 -0.87330501830665375 -0.24972564109949399 0.00028770659187619019
 0.15856334837949426 -1.0617031022146382 -0.00034077944601103749
 0.48891164444197049 0.86213359729828443 -0.00018643174223297574
 0.87966271817169739 -0.70028357194211233 2.1752943560539805e-05
 -0.85154200874388408 0.21488504429401062 0.00020923977667993733
 1.1007371986710281 -0.19193282363455702 0.00041058977663335219
 -0.29764696807753815 0.85061634971875977 -0.00033115062483930047
 1.0697803789345024 0.21470595632774081 -2.2544539379776296e-05
 -0.8671671113737025 -0.2795276158320027 -0.00030043896870804898
 0.78657905868637235 0.67260839462334798 0.0002501470665653763
 -0.5366656193120104 0.7006138730644087 0.00012897425028048103
 0.55196093332539675 0.83365951047284526 0.00047135572521999237
 -0.62738524059923806 -0.73938840393916605 4.9037633869793173e-05
 0.97203819985564244 0.44237053310038355 0.00044533972430103115
 -0.47008514604058643 0.75227329625611872 0.0003475649862406077
 -0.55458584561343682 0.68508988069778631 -0.00050998962930788984
 -0.55721365426207714 -0.80860506909729224 9.1439015439137941e-05
 -0.76737565916636041 0.41853087998919708 8.5865061287292588e-05
 1.0076650312167788 0.37589916905835369 0.00034851536136232145
 -0.048308272032145175 0.92460718602386327 -0.00044173443280170289
 1.0922398144381538 0.11989189113104376 0.00014406515866982345
 0.50730071041452296 -0.98022289802902363 0.00043450571197263651
 -0.77795111066534917 0.39875661427914505 0.00027254020636491988
 -0.22911065880009085 -1.0040003310992347 0.00028164959707924816
 0.26387909632426954 -1.0508755483721051 0.00024536035191012617
 1.0867464138963723 -0.27315210220916458 0.00041990460923411056
 -0.8122556530027274 -0.45166405062092047 -0.00027693698350187779
 0.70518747776510082 -0.86584201645428194 -0.00033077907013175643
 0.87491141323517729 -0.70598473544606055 0.00041102969466241129
 -0.13239048683950311 0.90747735972291033 -0.00050781568604733689
 1.1088607601037432 -0.084491871650687403 -0.00014812121457041772
 0.90146731030143845 -0.67296308804174965 0.0003544424691974546
 0.46241430951597173 0.87257465015445734 4.9572152475791005e-05
 -0.043868886598796356 0.92530454787225602 0.00032980552215293923
 -0.74341300129651144 -0.58564444404173077 9.5540803959561437e-05


