# Created by Octave 6.2.0, Thu Jun 24 17:44:54 2021 CEST <m@archaeopteryx>
# name: rekovered_translation
# type: matrix
# rows: 1
# columns: 3
 0.004915868734833545 0.01080696939126212 0.0030043873923039695


