# Created by Octave 6.2.0, Thu Jun 24 17:44:54 2021 CEST <m@archaeopteryx>
# name: rekovered_transform
# type: matrix
# rows: 3
# columns: 3
 1.0002092699863987 0.00083057205591162561 0.301555800010049
 -0.00031069193516714504 0.99940150110831449 -0.14836299003378339
 -5.3826841977325945e-07 -4.2908068291751637e-07 1.0012669613874987


