# Created by Octave 6.2.0, Thu Jun 24 17:44:54 2021 CEST <m@archaeopteryx>
# name: simulated_transform
# type: diagonal matrix
# rows: 3
# columns: 3
1
1
1


