# Created by Octave 6.2.0, Mon Jun 21 12:30:46 2021 CEST <m@archaeopteryx>
# name: centroid_red
# type: matrix
# rows: 18
# columns: 3
 1150.3805559683151 18662.175694895042 0
 1876.5733279610113 19060.255692504103 0
 2207.9842629551472 21390.086477074146 0
 2931.5248750800129 20362.185411020859 0
 3143.2890311321835 7891.5388646029805 0
 3867.1055144781558 15392.221456747628 0
 5401.1024685317143 20739.792573242641 0
 7184.9031319435981 7453.4299205251145 0
 7627.2660174198463 8908.2875616918718 0
 9154.9311660507447 14881.864405097032 0
 12019.125791674172 9290.79551292203 0
 13534.344788382392 15460.361462733688 0
 13923.471071479331 5213.9094811354589 0
 16663.876704698065 14131.87537918116 0
 16946.152466999054 6147.1702851203117 0
 20870.860886097853 14979.513454772577 0
 21260.773851454207 15190.485571674593 0
 21418.694823079361 1101.4212908600232 0


