# Created by Octave 6.2.0, Mon Jun 21 12:30:46 2021 CEST <m@archaeopteryx>
# name: centroid_blue_transformed
# type: matrix
# rows: 18
# columns: 3
 1158.8833339581681 18663.96533479861 0
 1880.8287286686696 19061.155138418435 0
 2214.7644602802866 21398.466126966647 0
 2935.9807801818492 20366.332870177939 0
 3153.9567095328689 7888.6799099482696 0
 3881.5578487097728 15393.256125598979 0
 5411.1659825326542 20748.149654616303 0
 7195.1394587349423 7459.8761893511783 0
 7638.8710055214297 8916.2901421760198 0
 9164.9987222137097 14876.789854271881 0
 12027.59854142147 9306.4414345718305 0
 13544.900435650308 15483.028392289139 0
 13941.687876967884 5233.1192697045335 0
 16683.337751062238 14143.706554950615 0
 16974.344301294783 6168.8895401349682 0
 20736.168359347583 14861.860281290357 0
 21180.791816330893 15155.634491668612 0
 21457.384622975631 1131.729184866922 0


