# Created by Octave 6.2.0, Mon Jun 21 12:30:46 2021 CEST <m@archaeopteryx>
# name: centroid_blue
# type: matrix
# rows: 18
# columns: 3
 1130.2283886179584 18631.535487862297 0
 1852.7411084564608 19027.692354160012 0
 2190.0193362340679 21364.523355131711 0
 2909.7587546764444 20331.35966558303 0
 3109.8888389681233 7853.4077162018302 0
 3848.2223287338584 15356.935636595821 0
 5385.4875024420562 20709.636033206178 0
 7150.4541771377417 7418.8247077574506 0
 7596.2682430066307 8874.6025432357401 0
 9130.9191451285587 14832.913481258996 0
 11985.549287322261 9258.4766493393545 0
 13511.683425421001 15432.887234731581 0
 13893.810972831074 5182.4211071673917 0
 16648.202024022663 14089.078153288927 0
 16927.802640375652 6113.853095185149 0
 20702.055595520076 14801.43475988978 0
 21147.098755593081 15094.572766390791 0
 21403.63419685388 1070.2862176138701 0


