# Created by Octave 6.2.0, Mon Jun 21 12:30:46 2021 CEST <m@archaeopteryx>
# name: rotation
# type: matrix
# rows: 3
# columns: 3
 0.99999897725395948 -0.0014302066408002911 0
 0.0014302066408002911 0.99999897725395948 0
 0 0 1


