# Created by Octave 6.2.0, Mon Jun 21 12:30:46 2021 CEST <m@archaeopteryx>
# name: translation
# type: matrix
# rows: 1
# columns: 3
 55.303047059866003 30.832442118442486 0


