# Created by Octave 6.2.0, Thu Mar 25 18:58:07 2021 CET <m@archaeopteryx>
# name: q_orthogonal
# type: matrix
# rows: 100
# columns: 3
 -0.10718373285339527 -0.090395878602198346 0.088877441605651503
 0.1076777804925384 -0.077492440737445573 -0.18067776528279816
 0.12554694722676804 0.050507100241744811 0.09689775922373875
 0.015668167059350788 0.15000089250727669 -0.016897944945742358
 0.13256893779203624 0.0049506321268629992 0.080068419487736853
 -0.062714268434309675 0.14063488345300509 -0.14258919433407133
 -0.1327961645266986 -0.049951206721934892 -0.10424789504654536
 -0.060650499146853568 -0.12502902108208461 -0.10359299580922979
 -0.053863660253766765 0.14422319275558584 -0.15162094901598844
 -0.13887073950248366 0.052290355413066064 -0.02470877417914322
 -0.097679415673049844 -0.10010812831906872 0.019085133938006215
 0.12831087441248726 -0.030643641607288684 0.089361160425654007
 0.1131941108138133 0.079085238257914234 -0.018535886243490764
 -0.10138547454568821 -0.096526959666370926 -0.004098148642402895
 0.09314843559534107 -0.095569877587955335 0.11480940322173733
 0.070647065034422224 0.12661736122219724 -0.06488940834141034
 0.11090964820962572 0.082982828868583713 0.09811814637289161
 0.050500187563835994 0.13856527334334209 -0.083540515605717139
 -0.12421113487009643 -0.067015505113099075 0.17581808038959723
 0.1247877148673419 0.052833699430373846 0.14146626223186606
 -0.023757293693201363 -0.13612865643039571 0.11467318449634716
 0.031418949831555389 -0.13280964471729192 0.086426090247005025
 0.11202733380558298 -0.070631848751954315 -0.13576962066491585
 0.083147933453251846 -0.10510341177271576 0.010809137732621953
 -0.068979104431629745 0.13763124230965501 -0.030955434525951613
 0.12559142560022798 0.05037531541166259 0.071929716317494008
 -0.056842560059991831 -0.12673720938602084 0.069174109933389696
 -0.11173142050852768 -0.084991999317600458 -0.13928530700024311
 0.046151888505095072 -0.12778029298912036 -0.15690081663217326
 0.07784627845898956 -0.10944251166510917 -0.0041626291860499863
 0.13016373810715762 0.031827889687943235 0.017875905850362622
 -0.11237975906725513 0.10249090249495588 -0.14528701019907228
 -0.051542266699407667 0.14503880857992951 0.17430791138856799
 0.027071307577112003 -0.13393433322599574 0.087422313384706241
 -0.084238935491162487 -0.11118566489661612 0.017965410011529948
 0.10283740338221724 0.095051185793091145 -0.093019748873453267
 -0.13998917230917746 -0.029049091094548059 -0.062731087594084647
 0.096741306982319558 0.10269447895214968 -0.08719569450873263
 0.082195409874518149 0.11747500064777566 -0.13140477323197583
 -0.14455189985782074 -0.0023869621270428956 0.029675964538893387
 0.13223660657816366 0.014874396309345459 0.10640387250511155
 -0.14500491485940956 0.012752541231582429 0.024895438167209835
 0.11893175529023868 -0.057539833763775645 -0.14573176620116421
 0.05231403841833189 0.13764503874236556 0.15144447345683265
 -0.14393732698895922 -0.0083573614526904691 -0.12683266829274251
 -0.12961261394584925 -0.056945979220983024 0.073444228481094109
 0.11876357687207262 0.06814678333079037 0.00021042693389229105
 0.12917870916609717 0.036760742094369386 0.11037397996165542
 0.10089730285548011 -0.086687651580826405 0.041464949065903173
 0.091170105839571525 -0.097620158273161631 -0.0524585752326596
 -0.018373390950349497 0.15184927062840017 -0.010941721778859692
 0.12461250844994377 -0.043327226339230536 0.053231213242491561
 -0.043168858401050475 0.14761052997259677 -0.044078571512437867
 0.016251290852986565 0.14990270963237903 -0.16195944076994948
 0.050636990314466036 -0.12585441523704449 -0.16386691424266617
 0.12633723673616362 -0.037950264872351945 0.0011871766533854276
 -0.013586604631270873 -0.13726127786256351 0.12710405011687101
 0.012442425823549647 -0.13659609419522548 0.091946336213433677
 0.038771524857324727 -0.13054191034963791 0.064177327469291043
 -0.10704977302891755 0.10863547153589855 -0.06109157204947345
 0.042047107591068424 0.14232151660380229 -0.11193085763140016
 -0.14232365965681254 0.038210211398920328 0.11730196429162411
 0.12062254628948295 -0.053709162175463898 0.067220601828404614
 0.107459246577972 -0.07779826815808133 -0.014191451506372316
 0.12816451142675084 0.041283615474345517 -0.14386364169908883
 -0.1018063447042301 -0.096113696962275688 0.055838087788708683
 0.12156611150294999 0.061663031370358612 -0.066332818326973464
 0.13160714869110338 -0.01217189139145264 0.018999442570009673
 -0.060507954769824075 0.14159732818747398 0.073266428900899919
 0.10875285369375109 -0.075867948726941276 -0.097827192646229674
 -0.12230922913197464 -0.070133487763533439 0.052161003766959993
 -0.068523929769432265 0.13786308076117623 0.0043067803997673092
 0.12722297915479552 0.044898558976367471 -0.12919241333591619
 -0.10963925546742952 -0.087522503712484948 -0.15415264170873288
 0.060080502328041685 0.1334237206298147 0.15747511003854833
 -0.049186381104366884 0.14582692238969056 -0.066893947227969777
 0.10471710140688478 -0.081697223656187395 -0.051160927630598006
 -0.14379522138153647 -0.0096674435322126363 0.062125558120830059
 0.018689631544506223 -0.13566929014013468 0.15706518245515988
 -0.09195531534605951 0.12274415144118966 -0.036360488712582135
 -0.14499856553180401 0.0073251583532198856 -0.14717597335427068
 -0.08509542392125298 0.1279046343171133 0.11807455090981821
 -0.012392982148528575 -0.13733976725595906 0.078607308805326778
 -0.054688256302099773 -0.12761280347624443 -0.14965864173305171
 -0.019643331937478262 -0.13666725664387674 -0.10298758518141625
 -0.043441887058917598 0.14753257198148539 0.10857498447083444
 -0.04141375801686862 -0.13224349758755802 0.017998842156074574
 -0.0069323298897548697 -0.13756789317525198 -0.056388505652137905
 -0.1324413983065087 -0.050814766639012007 0.036730783322221135
 -0.13812120291157276 0.054784950115319198 0.14694884554461096
 -0.1348027430323597 0.064119047781818289 -0.045076697011626317
 -0.14502439505206602 0.0077399007132408692 0.041604379824210232
 0.12012216067259174 0.065053171569123686 0.1536469982968024
 -0.065782741411112761 -0.12252631724236898 -0.10655708443604144
 -0.14133304963463977 0.042945747910522962 0.16441757300680226
 0.12915863030002861 -0.027052437215541833 -0.11394254597165021
 -0.034676383144438126 0.14960694865579871 0.14981615577741897
 -0.057943286845943763 0.14265928183956864 0.013031770123183167
 -0.1303453508723926 -0.055388186409031925 -0.073103612981012395
 0.13231791419982225 -0.0037970146222323612 0.090012481231378991


