# Created by Octave 6.2.0, Thu Mar 25 18:58:07 2021 CET <m@archaeopteryx>
# name: rotation
# type: matrix
# rows: 3
# columns: 3
 -0.90326031321584765 -0.42909299187880279 -0.00010435375839483736
 -0.42909298865743573 0.90326031923956596 -5.2652327951689809e-05
 -0.00011685135405183938 2.7812921701106548e-06 0.999999993169013


