# Created by Octave 6.2.0, Thu Mar 25 18:58:07 2021 CET <m@archaeopteryx>
# name: translation
# type: matrix
# rows: 1
# columns: 3
 3.5252356589410283e-13 0.29999999999978949 0.69999999999943818


