# Created by Octave 6.2.0, Thu Mar 25 18:58:07 2021 CET <m@archaeopteryx>
# name: affine_rotation
# type: matrix
# rows: 3
# columns: 3
 -1.7320508075689045 -0.86602540378446613 -0.50000000070624528
 1.6063261184882345e-14 1.0000000000000167 4.218062807248945e-10
 -0.99999999999995715 -0.49999999999995592 0.86602540490907276


