# Created by Octave 6.2.0, Thu Mar 25 18:58:07 2021 CET <m@archaeopteryx>
# name: p_orthogonal
# type: matrix
# rows: 100
# columns: 3
 0.13559266437113054 -0.035658974359212628 0.088893385695213684
 -0.063988490298153761 -0.11620013026725678 -0.18068492071214737
 -0.13508514010087208 -0.0082499862175644725 0.09688199807822874
 -0.078514790205028648 0.1287667063734638 -0.016907477781048622
 -0.12187789791102595 -0.052412469898349225 0.080054324317744049
 -0.0036814709608209736 0.15393976621771346 -0.14259005383368475
 0.14139539925131051 0.011862670672861458 -0.10423140664662579
 0.10844437016294804 -0.08690933748135464 -0.1035800830625556
 -0.013214537068235837 0.15338318455980651 -0.15162292099293556
 0.10300189003109933 0.10682019549877438 -0.024697035568572324
 0.13118340544116686 -0.048510094146498248 0.019100597973041065
 -0.10275959082280574 -0.082736233953590033 0.089349383670849311
 -0.1361765032872406 0.022863706330102266 -0.018551862394272554
 0.13299699597715278 -0.043685187195758805 -0.0040824862954320258
 -0.043142336345805866 -0.12629349973970277 0.11480471417702383
 -0.11813572961829007 0.084054097139341769 -0.064903446969864831
 -0.13579909886522321 0.027364816611995232 0.098102202755050369
 -0.10506244067702569 0.10349100411282086 -0.083553080814501232
 0.14093032738225295 -0.0072338300549055854 0.17583456984304374
 -0.13540289093127797 -0.0058225562490270919 0.14145045756885827
 0.079857472855231232 -0.11276520649556249 0.11468283051866886
 0.028598097902834026 -0.1334430928941229 0.086429803822753254
 -0.070866348682567082 -0.11186946770202115 -0.13577759145976123
 -0.030006354400967959 -0.13061390674161411 0.010805994813009218
 0.0032531035634188999 0.15391520406753217 -0.030955482732116044
 -0.13506585015419167 -0.0083881770270240186 0.071913957606616938
 0.10571759346491348 -0.090085755653933716 0.069186714296516266
 0.13740830456047717 -0.028827118316710719 -0.13926917161337826
 0.013160792616496546 -0.1352227565444272 -0.15689890396180026
 -0.023353953038139873 -0.13225838213309332 -0.0041649903119415667
 -0.13123095198468032 -0.027103428300155708 0.017860646864103519
 0.057547025696330738 0.14079692826588261 -0.14528067853381169
 -0.015699419997594808 0.15312471076755782 0.17430565242750426
 0.033007630150818756 -0.13259343380217417 0.087426539865241737
 0.12379657722058283 -0.064283212339735038 0.017980054746238604
 -0.13366387309310018 0.041728896614127993 -0.093035484497304477
 0.1389187551548878 0.033829307007607508 -0.06271494935033195
 -0.13143787520297903 0.051248588474432359 -0.087211196451194434
 -0.12463619596295954 0.070840666770926125 -0.13141953524092603
 0.1315887553777845 0.059870241556405003 0.029691174588770051
 -0.12583901127983163 -0.043306053253372646 0.10638928936093635
 0.12550224971804921 0.07373952645960169 0.024909898386953361
 -0.082719366344001038 -0.10300663664399205 -0.14574114676861685
 -0.10633341226695699 0.10188213558534223 0.15143176612501164
 0.13361378083156211 0.054213272548242451 -0.12681720715908837
 0.14150046862785748 0.0041790252025726707 0.073460751978641992
 -0.1365157571595744 0.010593667325512241 0.00019444542026667659
 -0.13246867534174486 -0.022224852181172865 0.11035856353169779
 -0.053944311118811032 -0.12159572606963952 0.041458984131534017
 -0.040456083034378962 -0.1272970147132757 -0.05246294895862133
 -0.048560223939735761 0.14504328352582127 -0.010947799603874788
 -0.093972344512320227 -0.092605970319681111 0.053220490445262163
 -0.024340776261976903 0.15185406643807467 -0.044081838475271147
 -0.078982422570068114 0.12842740388686447 -0.16196902848848457
 0.0082840115088708074 -0.13540773272028872 -0.16386557097308588
 -0.097831358173912572 -0.088489387958762364 0.0011759910510137082
 0.071155240419396526 -0.11815239531714128 0.12711269435631797
 0.047362932796723947 -0.12872053364287267 0.091952229395755147
 0.02098633956287501 -0.13454973872137965 0.06418015449712533
 0.050086230993156657 0.14406024817565954 -0.061086120577608358
 -0.099035569210030441 0.11051094801367016 -0.1119427383482476
 0.11214587269987376 0.095584178934738084 0.11731480379830322
 -0.085915188844523593 -0.10027145728794713 0.067210841954649922
 -0.063679323035308669 -0.11638213762251336 -0.014198568944729503
 -0.13346361601961207 -0.017705042094914705 -0.14387918903425756
 0.13319281952919138 -0.043131144258010838 0.05585377196590198
 -0.13625726729332702 0.0035344184140364216 -0.066348750544729593
 -0.11365486120399046 -0.067466038845492557 0.018986349643128644
 -0.0061125478418584869 0.1538629909820966 0.073265287301184007
 -0.065666300588051327 -0.11519386703997979 -0.097834546252754034
 0.14056476540043769 -0.010866618409043651 0.05217745959898925
 0.0027383616638619428 0.1539294003581641 0.0043066722935246179
 -0.13416602854875423 -0.014035761368746404 -0.12920805283461426
 0.13660609387196029 -0.032010597231664523 -0.15413659132832733
 -0.11153791757368364 0.094736667977015035 0.15746181447600863
 -0.018137387304307296 0.15282501784757546 -0.066896492203019062
 -0.059525117728517929 -0.1187273769577268 -0.051167553423162537
 0.13402548948635049 0.052969476418680918 0.062141072363988852
 0.041314785453227601 -0.13056383939533761 0.15707037456129058
 0.030395180931565555 0.15032720166740898 -0.036357355394973055
 0.12784547333971519 0.068833983835377505 -0.14716122708565116
 0.02196654029091796 0.15204535927090623 0.11807669581048315
 0.070116434760056245 -0.11873560159758592 0.078615832885355716
 0.10417297856618224 -0.091801650334141005 -0.14964621487314081
 0.076398038002170071 -0.11501758023280553 -0.10297833890992807
 -0.024078546858288207 0.15190122933597638 0.10857174926404725
 0.094150058459041078 -0.1016799004558495 0.018010126666270096
 0.065297705966653963 -0.12128516176642617 -0.056380538657308986
 0.14142902696037629 0.010930815670560643 0.036747279393492822
 0.10123439185363667 0.10875232043761271 0.14696037364730394
 0.094254201324280668 0.11575897851849427 -0.045066005607800823
 0.1276687818415915 0.069220212471372222 0.04161910591199984
 -0.1364333941433383 0.0072167985423451349 0.15363103705128239
 0.1120065746055242 -0.082446543467910235 -0.10654376787746669
 0.10921360294363235 0.099436668380061682 0.16443005954315007
 -0.10504253938325969 -0.079856773085457466 -0.11395459915925971
 -0.032890998243071005 0.15001382987680462 0.1498118964096096
 -0.008877748959026658 0.15372156301407616 0.013030305307893125
 0.14151100715396192 0.0059001223228850137 -0.073087094234493763
 -0.11789876635228963 -0.060206131971973935 0.089998872785871348


