# Created by Octave 6.2.0, Thu Mar 25 18:58:07 2021 CET <m@archaeopteryx>
# name: p_shifted
# type: matrix
# rows: 100
# columns: 3
 0.97534693387305538 -0.22418337614823589 0.00023033706748697353
 -0.46028284866978492 -0.81376123626137209 -0.00047675063784707118
 -0.97169620362773867 -0.079253712704741269 0.00032228664709578209
 -0.56477361991026409 0.87718144983074475 -6.1908080216263703e-05
 -0.87669369567843736 -0.38235378139685083 0.00028149522067132658
 -0.026481605258167177 1.0635025753880525 -0.0004556830126317256
 1.0170872426110757 0.10526461959769398 -0.00034643441722711132
 0.78006346748022182 -0.58291813490822053 -0.00030862092973287479
 -0.095054981564326013 1.0580867204416089 -0.00047915387344838693
 0.74091454792853939 0.75534137405002499 -0.00012968950879985197
 0.94363019463839137 -0.31374217315098052 3.1830762686750722e-05
 -0.73917163808171926 -0.58882117767188979 0.00031136854089044985
 -0.97954661163102819 0.13564005471031093 -2.1908536314219605e-05
 0.95667573789678961 -0.28009162260808584 -3.748262845694949e-05
 -0.31033202032101187 -0.88010179048692305 0.00038048246113337922
 -0.84977548157530025 0.56158676274640307 -0.00017845321873202779
 -0.97683186118673215 0.16681606427575274 0.00031642913068312428
 -0.75573652789268797 0.69809530107420992 -0.00024167493089468771
 1.0137418815355359 -0.026816417991287061 0.00047431009642202198
 -0.97398185307352081 -0.062526388325412768 0.00045148965192595724
 0.57443182238097579 -0.76635020450272673 0.00034190228099294294
 0.20571221336712239 -0.91771980756374993 0.00027962758950792247
 -0.5097567499163107 -0.78495716223996781 -0.00034523055488435252
 -0.21584210250184893 -0.90780531724534996 7.5145715928801688e-05
 0.023400267270120016 1.0644737424780908 -0.00013258234886324326
 -0.97155744692997359 -0.080205782572496553 0.0002496197617054643
 0.76044918152958185 -0.6053237579247599 0.00019604306542865069
 0.9884072207249226 -0.17665945723916818 -0.00043635157986877948
 0.09466838626833618 -0.93256164479504544 -0.00042404630431895797
 -0.16798996166355168 -0.91807822308345732 3.0128939005157952e-05
 -0.94397220705954399 -0.20894395552468328 9.620677298802097e-05
 0.41394802091063981 0.98272672673782602 -0.00047718147003923363
 -0.11292927408172999 1.055891180504527 0.00047061161034887388
 0.23743091863656449 -0.91112103596402094 0.00028106097451078172
 0.89049516488284675 -0.42398918027027943 3.4901050434352058e-05
 -0.96147272712423848 0.26645904631328932 -0.00024457770916856182
 0.99927221377493614 0.25670145954179524 -0.00023078385827277981
 -0.94546064987059741 0.3326301409243213 -0.00023081399787661729
 -0.89653472144586266 0.46917942608410956 -0.00036673324822700227
 0.94654596312527284 0.43550334907597987 3.3305497236199881e-05
 -0.90518682837781062 -0.32005742276793814 0.00035682999309883821
 0.90276443068945367 0.53037333090303718 1.7352091157864995e-05
 -0.59501803220500227 -0.72564305181955335 -0.00037330108083816904
 -0.7648788974229912 0.6867648866520083 0.00044331540590508527
 0.96111240281076238 0.39673274296968675 -0.00042143827325645978
 1.0178430290301592 0.052168724544154048 0.00017299092536754283
 -0.98198693704037077 0.050767619573145281 3.6081137526110382e-05
 -0.95287541496459494 -0.17542445288548139 0.00036456178797057519
 -0.38803292710301523 -0.84940570079942612 0.00016869234763293016
 -0.29100922772704607 -0.88659661340520568 -0.00010703046507506628
 -0.34930404050600272 0.9946217097525285 -5.7367917082483096e-05
 -0.67596310253247494 -0.65559993340623945 0.00020636644964844829
 -0.17508839143560578 1.0456860828943397 -0.00016248929610876406
 -0.56813739917912376 0.87475908209772935 -0.00048405678668976906
 0.05958866036610265 -0.934642674165443 -0.00044291020377155467
 -0.70372181027721115 -0.62777899459834241 5.4803756878780323e-05
 0.51183480975121909 -0.80502092278277948 0.00038199391196557756
 0.34069167013400659 -0.88198772905998668 0.00028915796286121801
 0.15095921332324708 -0.9266218650538417 0.00021728216053985025
 0.3602809344812466 1.0040568858959562 -0.0002308179518242426
 -0.71238395691516554 0.74761225523279362 -0.00032792484155504543
 0.80668916413466785 0.6791769036964268 0.00028426429104951956
 -0.61800626458131702 -0.7072619426665675 0.00024690556572148675
 -0.45805894265489522 -0.81496849408236871 7.9652962314520973e-06
 -0.96003223531357229 -0.14434497435819588 -0.00037663531798880158
 0.95808433844274687 -0.27622958297613864 0.00013682756365541841
 -0.9801275643401518 0.00201310677993672 -0.00015583849723042973
 -0.81754364005757973 -0.48505859832616094 0.00010543620297439758
 -0.043968859402237645 1.0625718790858729 0.00017352111612255422
 -0.47235169567903856 -0.80708149584598043 -0.00023531741394350325
 1.0111123162876097 -0.05198820571251897 0.0001153442010353395
 0.019697619078956043 1.0644871832750527 -2.9769643842411425e-05
 -0.96508483834184255 -0.11909664817500398 -0.00033471052626474142
 0.98263674826615066 -0.19879723673569052 -0.00047855604288910681
 -0.802316013337668 0.63651555492080159 0.00046426417022657875
 -0.13046609252624647 1.0534184325157676 -0.00023092385336211406
 -0.4281768584916445 -0.83049645996915533 -0.00010021111190900833
 0.96407391091268846 0.38820274385103293 0.00012896626507608716
 0.29718605724225483 -0.89572468407018269 0.00048095820716665219
 0.21863901460757201 1.0441373986304379 -0.00015497205265051472
 0.91961973761457827 0.49684931148690559 -0.00048299751563803274
 0.15801000607159268 1.0546273860637339 0.000296594897249349
 0.50436245924150191 -0.80922325069612477 0.00024123632370857137
 0.74933843735710493 -0.61743901321345041 -0.00044022950880183198
 0.54954737016878674 -0.78248891743755322 -0.00029027549311836222
 -0.17320211944555861 1.0460552412030288 0.00028190151001398816
 0.67724143682765647 -0.68737147688792999 5.3413979191330434e-05
 0.46970031600824752 -0.82763991025173567 -0.00014978634771768739
 1.0173291338895059 0.098828706768812502 6.4291356607706213e-05
 0.72820055682872686 0.76840637504478326 0.0003700960678145812
 0.67799055865343727 0.81569142530194771 -0.00018895058061893776
 0.91834875801007199 0.49949004483495785 6.6614416656183184e-05
 -0.98139448231044124 0.027438572892057783 0.0004837263661496621
 0.80568716325321654 -0.55148298793930817 -0.0003194558578498599
 0.78559672281932713 0.70532477896974732 0.00042123309073367993
 -0.75559337364503898 -0.56929252677020092 -0.00028072139362409539
 -0.23659196046621556 1.0315586746686143 0.00040496577459850813
 -0.063859540389155076 1.0611392970998925 -1.047973064256455e-06
 1.017918834894519 0.064067538476477379 -0.00025417581912842577
 -0.84807095429865142 -0.43557276241819631 0.0003114351820455673


