# Created by Octave 6.2.0, Thu Mar 25 18:58:07 2021 CET <m@archaeopteryx>
# name: q_shifted
# type: matrix
# rows: 100
# columns: 3
 -1.4953171141578632 -0.22418337614823597 -0.8630557680470603
 1.5022095582849069 -0.81376123626137209 0.86675058863682519
 1.751501779428029 -0.079253712704741353 1.0116021684037948
 0.21858613921738923 0.87718144983074475 0.12612928102472498
 1.8494653639027603 -0.38235378139685089 1.068114368389008
 -0.8749249199967839 1.0635025753880525 -0.50566431550087088
 -1.8526353974152108 0.1052646195976939 -1.0700195734159863
 -0.8461333351820669 -0.58291813490822064 -0.48887167359139955
 -0.75145034479073691 1.0580867204416089 -0.43440333808320625
 -1.9373816147815224 0.75534137405002488 -1.1186975493627764
 -1.362722663863861 -0.31374217315098057 -0.78673154181379223
 1.7900612465511339 -0.58882117767188991 1.0338518799840146
 1.5791677208451969 0.13564005471031082 0.91170761092686492
 -1.4144257825256514 -0.28009162260808596 -0.81666238750119069
 1.2995110936587686 -0.88010179048692316 0.75071242304150942
 0.98559513275664712 0.56158676274640296 0.5688275551812898
 1.5472972500400077 0.16681606427575268 0.89369786471452484
 0.7045266359184652 0.69809530107420981 0.40647958072597046
 -1.7328659004092724 -0.026816417991287145 -0.99992290794711913
 1.7409097510441587 -0.062526388325412852 1.005636048744341
 -0.3314373076939664 -0.76635020450272673 -0.19096062406866043
 0.4383248478223144 -0.91771980756374993 0.25338985501086553
 1.5628900490160298 -0.78495716223996792 0.90193635260560212
 1.1599943815127922 -0.90780531724535007 0.6698098392235039
 -0.96232546329562829 1.0644737424780906 -0.55575195819137402
 1.752122295911958 -0.080205782572496637 1.0118765152711455
 -0.79300888863901442 -0.6053237579247599 -0.45761752429230468
 -1.5587617712856869 -0.17665945723916826 -0.9004553836584861
 0.64386364325235501 -0.93256164479504544 0.37124520125726557
 1.0860311481448681 -0.91807822308345732 0.62705516563184815
 1.8159104936251462 -0.20894395552468337 1.0485275023313094
 -1.5678067235076778 0.98272672673782602 -0.90572463555482163
 -0.71906465138260744 1.0558911805045268 -0.41460875456065521
 0.37767101821370014 -0.91112103596402105 0.21837300528938486
 -1.1752149189529306 -0.42398918027027954 -0.67847034955141183
 1.4346815991500899 0.26645904631328932 0.82803139345825461
 -1.9529848380726196 0.25670145954179513 -1.1278228082298809
 1.3496351370270423 0.33263014092432119 0.77894568862272662
 1.1467057529961164 0.46917942608410945 0.66162740809443088
 -2.0166393163138085 0.43550334907597976 -1.1642687942565704
 1.8448290208827589 -0.32005742276793825 1.0655245636006356
 -2.0229593153175056 0.53037333090303707 -1.1679360687892204
 1.6592134306945385 -0.72564305181955335 0.95751626989551286
 0.72983161600315216 0.6867648866520083 0.42188037650039001
 -2.0080654282410477 0.39673274296968664 -1.1598437505463726
 -1.8082217766109934 0.052168724544153944 -1.0437775767662434
 1.6568671785140916 0.050767619573145184 0.95663437443549326
 1.8021683837517837 -0.17542445288548147 1.0409033611769671
 1.4076153135899037 -0.84940570079942612 0.81288186936120255
 1.2719114732453223 -0.88659661340520579 0.7342148433279152
 -0.25632663839716707 0.99462170975252839 -0.14805649644381691
 1.7384654514525026 -0.65559993340623945 1.0039417878234789
 -0.6022474777403074 1.0456860828943397 -0.34789536986983705
 0.22672128216383691 0.87475908209772923 0.13033865265611166
 0.70643516708112564 -0.93464267416544311 0.40734910522855738
 1.7625270852004546 -0.62777899459834252 1.0176587690220622
 -0.18954632281956635 -0.80502092278277948 -0.1089935319279759
 0.17358391782306887 -0.88198772905998679 0.10055261253753134
 0.54090040641198067 -0.9266218650538417 0.31253989107449076
 -1.4934482445745925 1.004056885895956 -0.86250927163915359
 0.58659796508262729 0.74761225523279362 0.3382938380554501
 -1.9855532026068015 0.67917690369642669 -1.1460314358854433
 1.6828016063470153 -0.70726194266656761 0.97185106240685148
 1.4991607980507209 -0.81496849408236882 0.8655500878449649
 1.788019340828833 -0.14434497435819596 1.0318785467393294
 -1.4202973297665635 -0.27622958297613875 -0.81985105080861376
 1.6959652569725363 0.0020131067799366298 0.97898605085269441
 1.8360474723575706 -0.48505859832616099 1.0601642496509147
 -0.84414470275786579 1.0625718790858727 -0.48716680644604338
 1.5172078729913432 -0.80708149584598055 0.87568865274360097
 -1.7063324692250976 -0.051988205712519053 -0.98501832242307408
 -0.95597533493010589 1.0644871832750527 -0.55196699198431121
 1.7748840517107314 -0.11909664817500407 1.0243432946106852
 -1.5295740381445402 -0.19879723673569061 -0.88365257158858168
 0.83818132627647346 0.63651555492080159 0.48446030044275057
 -0.68619776052631587 1.0534184325157674 -0.39644310965498841
 1.4609052111750471 -0.83049645996915544 0.84333830310756763
 -2.0060829170787642 0.38820274385103282 -1.1580635947764175
 0.26073850165332746 -0.8957246840701828 0.15109280681840165
 -1.2828659080461415 1.0441373986304376 -0.74084192365726265
 -2.0228707360342582 0.49684931148690548 -1.168462681476538
 -1.1871637639268622 1.0546273860637339 -0.68506684038780852
 -0.17289413056265507 -0.80922325069612489 -0.099541917108792122
 -0.76295426008192968 -0.61743901321345041 -0.44100018068849745
 -0.27404354787093543 -0.78248891743755322 -0.15855429740114646
 -0.60605649254036742 1.0460552412030286 -0.34958136728691824
 -0.57776212374426927 -0.68737147688792999 -0.33350944052079434
 -0.096712731019706996 -0.82763991025173567 -0.056010079664643109
 -1.847686064279924 0.098828706768812391 -1.0666878093258458
 -1.9269248517799049 0.76840637504478326 -1.1120832317545499
 -1.8806291153100743 0.81569142530194771 -1.0859999073072866
 -2.0232310829140507 0.49949004483495785 -1.1680360906504681
 1.6758207412782524 0.0274385728920577 0.96809411518597832
 -0.91773309652129864 -0.55148298793930817 -0.53022232617184795
 -1.9717332312344915 0.70532477896974732 -1.1378943137467106
 1.8018882640800209 -0.56929252677020092 1.0399965251718752
 -0.48376920445471366 1.0315586746686143 -0.27883666621962577
 -0.80836509575392423 1.0611392970998925 -0.46671101573208701
 -1.8184441679876246 0.064067538476477282 -1.0501727268491503
 1.8459633411283867 -0.43557276241819637 1.0661270462870334


