# Created by Octave 6.2.0, Mon Jun 21 14:02:10 2021 CEST <m@archaeopteryx>
# name: centroid_blue_transformed
# type: matrix
# rows: 27
# columns: 3
 630.95180666418855 10891.252106218151 1.0002070771215701
 862.48070999394076 13389.579637169216 1.0003938493055471
 1576.2009025946809 7348.104880199895 1.0007109645182048
 3022.3936390833005 8368.4977565327499 1.0001397108315553
 3296.8049714526887 10195.027312385686 1.0008198785532874
 3626.7028886548542 13214.623487444518 1.0006523885860437
 3812.7771183946497 12489.725248732404 1.000516769673353
 4544.5025399325741 2554.6381941352483 1.000880853249273
 4989.6748046033517 17944.238880625253 1.0007634866053561
 5470.4064250537076 5413.2317732877855 1.0001156743724284
 5774.1062178944467 16402.464698771615 1.000453092795371
 6259.635614408091 5918.1265990495885 1.0004427655586279
 6971.2814264334447 8300.9768967376913 1.0002589137804323
 7250.4552414611089 7718.9819041164337 1.000816571387799
 8389.3315659194341 7910.1754979951984 1.000415861778555
 9436.4116661480439 10450.805126844207 1.000305379752481
 10080.110527878087 4274.854869077968 1.000435520775089
 10819.709880535058 9481.3920625170031 1.000325903345999
 12541.89109919731 1393.3789263161671 1.0007962964404391
 12633.834365916979 8718.1371597767611 1.0004837192960143
 15993.837582750893 5578.290377535719 1.0003767752970056
 16499.60713586587 6705.1809630941061 1.0001342387509902
 18681.887315088992 10497.264024480854 1.0008282294021404
 18917.396253394742 7642.952314638449 1.000457891503725
 19017.733872786575 20866.507400557271 1.0001301371304436
 19207.413436661023 4891.4002203576274 1.0007527557275657
 21352.548369724132 9913.736157482821 1.0006387813931459


