# Created by Octave 6.2.0, Mon Jun 21 14:02:10 2021 CEST <m@archaeopteryx>
# name: centroid_blue
# type: matrix
# rows: 27
# columns: 3
 588.51703650969898 10871.561073974297 1.0002070771215701
 824.72959259933384 13363.998220083389 1.0003938493055471
 1535.2420011288784 7319.068312118502 1.0007109645182048
 2979.1148228889174 8350.5495173785912 1.0001397108315553
 3261.8362498510655 10160.720880476811 1.0008198785532874
 3593.9963276780672 13181.841833294911 1.0006523885860437
 3778.2688066765809 12460.300987935128 1.000516769673353
 4502.862154668087 2523.2616469685559 1.000880853249273
 4964.6995766764367 17905.115098367292 1.0007634866053561
 5426.2409057962259 5396.3208060054076 1.0001156743724284
 5745.523830993835 16370.739104469159 1.000453092795371
 6219.7548466730277 5893.2101858819487 1.0004427655586279
 6933.2170151384789 8278.1403948711504 1.0002589137804323
 7216.9358633916381 7684.0635691322705 1.000816571387799
 8353.7317182488914 7883.3060237036443 1.000415861778555
 9403.809315655315 10424.098319616518 1.000305379752481
 10042.433098434261 4248.9458240822523 1.000435520775089
 10787.689636851997 9454.0604624533862 1.000325903345999
 12506.80290921899 1359.9631418772801 1.0007962964404391
 12604.295230691218 8686.766289141231 1.0004837192960143
 15963.457325219253 5549.3743618579629 1.0003767752970056
 16468.901646455153 6680.5816649197368 1.0001342387509902
 18663.862404057847 10453.601909651357 1.0008282294021404
 18893.179614019795 7609.1901018766102 1.000457891503725
 19005.541385180764 20831.257744230243 1.0001301371304436
 19183.018983587561 4852.7667033829266 1.0007527557275657
 21335.077120241429 9873.0769876579016 1.0006387813931459


