# Created by Octave 6.2.0, Mon Jun 21 14:02:10 2021 CEST <m@archaeopteryx>
# name: centroid_red
# type: matrix
# rows: 27
# columns: 3
 618.70193457240873 10904.56821117543 1.0002070771215701
 857.01976615648653 13398.752195678797 1.0003938493055471
 1583.7452737276383 7343.6252656448005 1.0007109645182048
 3014.5247324250172 8382.5029068791973 1.0001397108315553
 3297.3152186875363 10194.329323925225 1.0008198785532874
 3633.1394757257181 13204.516487852745 1.0006523885860437
 3815.659902635065 12483.936813353317 1.000516769673353
 4538.6885949196794 2553.7800366348388 1.000880853249273
 4982.4300673081416 17954.669416152476 1.0007634866053561
 5453.5263410791431 5419.1010617291577 1.0001156743724284
 5767.4533665493836 16405.368667779101 1.000453092795371
 6249.5119125884094 5929.5647072581723 1.0004427655586279
 7052.4975344680452 8206.8530971382352 1.0002589137804323
 7250.9492315535672 7721.0880480314818 1.000816571387799
 8387.3488186985178 7920.1692388975416 1.000415861778555
 9433.0788089144535 10458.332017152889 1.000305379752481
 10068.585520230285 4284.064613075866 1.000435520775089
 10823.260462352937 9490.0056405928754 1.000325903345999
 12536.385779309809 1387.1255680000738 1.0007962964404391
 12633.753255774245 8727.360775777548 1.0004837192960143
 15994.190094014253 5586.2949462496326 1.0003767752970056
 16495.030747039888 6716.8614942019285 1.0001342387509902
 18687.864736094838 10494.07240606461 1.0008282294021404
 18905.938063126992 7640.5961121379187 1.000457891503725
 19013.063940031021 20860.251636710022 1.0001301371304436
 19210.671921673664 4893.1716871237386 1.0007527557275657
 21355.751878835054 9912.5821008628027 1.0006387813931459


