# Created by Octave 6.2.0, Mon Jun 21 14:02:10 2021 CEST <m@archaeopteryx>
# name: rotation
# type: matrix
# rows: 3
# columns: 3
 0.99892593102990068 -0.0011182893177915333 -8795.0909621531682
 0.00058302172517941269 1.0006545233782513 22065.970003129671
 1.7886389286702359e-24 1.1944368522494377e-24 1.0000000000000002


