# Created by Octave 6.2.0, Mon Jun 21 14:02:10 2021 CEST <m@archaeopteryx>
# name: translation
# type: matrix
# rows: 1
# columns: 3
 8852.1366529320803 -22058.307137537642 -2.2204460492503131e-16


