# Created by Octave 6.2.0, Thu Mar 25 19:56:34 2021 CET <m@archaeopteryx>
# name: centroid_blue_transformed
# type: matrix
# rows: 16
# columns: 3
 1992.0076948753374 7574.9207938529344 0
 2972.7724184433905 2975.9936301570842 0
 5506.9619671036335 12565.741439813673 0
 9460.0724454801639 19541.27955492671 0
 9792.0160056471195 1424.8370992359382 0
 9938.1645587680487 10983.565835326643 0
 10156.778109787598 20710.63600511806 0
 12876.445629864775 14487.125594416439 0
 14277.249522452503 17033.424728160418 0
 14501.246680857334 11268.487615018168 0
 14909.978652204249 13148.486296205314 0
 15443.678363501407 3701.7401835370106 0
 15796.516146153715 1053.0063340329352 0
 16639.781603707095 16514.3654311594 0
 20198.259275479708 10788.476198476061 0
 21040.322571662196 8819.1338301590149 0


