# Created by Octave 6.2.0, Thu Mar 25 19:56:34 2021 CET <m@archaeopteryx>
# name: centroid_blue
# type: matrix
# rows: 16
# columns: 3
 1968.9003702729112 7544.4042055118834 0
 2946.8405000537114 2944.8755772131758 0
 5486.919067936331 12533.065218137866 0
 9444.3127937315585 19506.174234113565 0
 9765.1301659703495 1389.5313334224695 0
 9917.1491384538185 10948.168510434189 0
 10141.736481245534 20675.102585372351 0
 12857.58134967357 14449.923077718995 0
 14259.948775359335 16995.36143434242 0
 14480.405383334486 11230.287841624071 0
 14890.291869677925 13110.035147508448 0
 15418.189806987317 3662.9630472841227 0
 15769.400816043091 1014.0130036831306 0
 16622.16163331924 16474.851297602272 0
 20177.12210688851 10746.777722933091 0
 21017.975782198133 8776.9185769166543 0


