# Created by Octave 6.2.0, Thu Mar 25 19:56:34 2021 CET <m@archaeopteryx>
# name: centroid_red
# type: matrix
# rows: 16
# columns: 3
 2004.1397078940556 7578.4227219551749 0
 2988.6943889716022 2979.3379379357443 0
 5509.9248650459413 12568.048347843076 0
 9456.4690114390414 19536.508960124465 0
 9795.8430490022638 1434.2279904106772 0
 9943.7664519766149 10983.907159658353 0
 10157.068626576887 20711.012092617293 0
 12869.425191642678 14488.999649966279 0
 14269.069929761068 17035.595581460169 0
 14503.03475896652 11272.425453364165 0
 14908.807835199077 13149.467193434544 0
 15450.047231234163 3701.4906574483252 0
 15789.40291653561 1057.8710812586853 0
 16636.996544658577 16509.756945446083 0
 20190.191557305956 10769.372032827467 0
 21029.369579778242 8814.7767638452315 0


