# Created by Octave 6.2.0, Thu Mar 25 19:56:34 2021 CET <m@archaeopteryx>
# name: translation
# type: matrix
# rows: 1
# columns: 3
 27.741055188538667 29.308820499167268 0


