# Created by Octave 6.2.0, Mon Jun 21 14:02:16 2021 CEST <m@archaeopteryx>
# name: centroid_blue
# type: matrix
# rows: 18
# columns: 3
 1130.2283886179584 18631.535487862297 1.0007099138347257
 1852.7411084564608 19027.692354160012 1.0008447830832898
 2190.0193362340679 21364.523355131711 1.0006090190658208
 2909.7587546764444 20331.35966558303 1.0009503623221931
 3109.8888389681233 7853.4077162018302 1.0001633452966745
 3848.2223287338584 15356.935636595821 1.0008262983874721
 5385.4875024420562 20709.636033206178 1.0005831019976614
 7150.4541771377417 7418.8247077574506 1.0001877149970515
 7596.2682430066307 8874.6025432357401 1.0007285366978795
 9130.9191451285587 14832.913481258996 1.0007821538729493
 11985.549287322261 9258.4766493393545 1.0004516951528732
 13511.683425421001 15432.887234731581 1.000862606580817
 13893.810972831074 5182.4211071673917 1.000455503185343
 16648.202024022663 14089.078153288927 1.0001720585195308
 16927.802640375652 6113.853095185149 1.0008710266884062
 20702.055595520076 14801.43475988978 1.0005443774103042
 21147.098755593081 15094.572766390791 1.0004871203756607
 21403.63419685388 1070.2862176138701 1.0008009066079946


