# Created by Octave 6.2.0, Mon Jun 21 14:02:16 2021 CEST <m@archaeopteryx>
# name: centroid_blue_transformed
# type: matrix
# rows: 18
# columns: 3
 1145.0445879613253 18656.795869762558 1.0007099138347257
 1866.6785812372545 19053.077462086039 1.0008447830832898
 2221.2951254257932 21405.362577293039 1.0006090190658208
 2928.0578246358273 20361.852995286175 1.0009503623221931
 3119.2732398637381 7868.4681127959266 1.0001633452966745
 3859.3703526670724 15379.099221537308 1.0008262983874721
 5428.4143366574972 20761.549481335289 1.0005831019976614
 7173.6813802483412 7447.4617589952686 1.0001877149970515
 7605.7924799835637 8893.8336064375762 1.0007285366978795
 9163.1149215255864 14875.170007195649 1.0007821538729493
 12023.996619859223 9303.9311114964003 1.0004516951528732
 13560.221752477883 15491.647228054084 1.000862606580817
 13927.035371158145 5222.4019141659082 1.000455503185343
 16730.602579899911 14175.806001668274 1.0001720585195308
 16960.638903828676 6156.4418502817061 1.0008710266884062
 20789.047679181567 14895.286712583886 1.0005443774103042
 21238.89439251403 15192.725395058533 1.0004871203756607
 21441.200606259841 1116.4591897677456 1.0008009066079946


