# Created by Octave 6.2.0, Mon Jun 21 14:02:16 2021 CEST <m@archaeopteryx>
# name: centroid_red
# type: matrix
# rows: 18
# columns: 3
 1150.3805559683151 18662.175694895042 1.0007099138347257
 1876.5733279610113 19060.255692504103 1.0008447830832898
 2207.9842629551472 21390.086477074146 1.0006090190658208
 2931.5248750800129 20362.185411020859 1.0009503623221931
 3143.2890311321835 7891.5388646029805 1.0001633452966745
 3867.1055144781558 15392.221456747628 1.0008262983874721
 5401.1024685317143 20739.792573242641 1.0005831019976614
 7184.9031319435981 7453.4299205251145 1.0001877149970515
 7627.2660174198463 8908.2875616918718 1.0007285366978795
 9154.9311660507447 14881.864405097032 1.0007821538729493
 12019.125791674172 9290.79551292203 1.0004516951528732
 13534.344788382392 15460.361462733688 1.000862606580817
 13923.471071479331 5213.9094811354589 1.000455503185343
 16663.876704698065 14131.87537918116 1.0001720585195308
 16946.152466999054 6147.1702851203117 1.0008710266884062
 20870.860886097853 14979.513454772577 1.0005443774103042
 21260.773851454207 15190.485571674593 1.0004871203756607
 21418.694823079361 1101.4212908600232 1.0008009066079946


