# Created by Octave 6.2.0, Mon Jun 21 14:02:16 2021 CEST <m@archaeopteryx>
# name: rotation
# type: matrix
# rows: 3
# columns: 3
 1.0039837976371864 0.0031118746445640325 -36997.770724820642
 0.0038714799188961321 1.0031282703318674 -29004.041124929572
 -4.5946540470904981e-25 0 1


