# Created by Octave 6.2.0, Mon Jun 21 14:02:16 2021 CEST <m@archaeopteryx>
# name: translation
# type: matrix
# rows: 1
# columns: 3
 36976.370549397536 28987.231740673262 0


