# Created by Octave 6.2.0, Thu Mar 25 19:53:55 2021 CET <m@archaeopteryx>
# name: centroid_blue_transformed
# type: matrix
# rows: 18
# columns: 3
 755.16687404902586 4612.7479324082433 1.0002325025664809
 1065.2779839823743 21549.870455118922 1.0009887031288691
 1310.1413809664191 2751.1703899735821 1.0002032771373706
 3582.1919282144754 21170.209115161568 1.0001541495309463
 3795.2999244690072 9260.3664321281194 1.0006519270905632
 4058.1606116324965 15244.232464068136 1.0008313043996082
 6163.2204802406122 6674.8259548720471 1.0003157583315376
 6400.6065197901298 14467.951475983384 1.0006907583181752
 8404.5079901223835 17164.422330785394 1.0009402623379295
 9687.5692698528437 21258.48918064572 1.0007583248942169
 11086.172960666794 6120.2835639027726 1.0009077401266091
 12109.327154071856 1138.8247996463415 1.0003514146947114
 12402.31423889233 14482.595445506631 1.0006821639989076
 13571.211347547687 9971.952961383191 1.000600674951966
 14096.001459521645 11047.534187707437 1.0005144177516749
 16998.819855333313 16746.383540975807 1.0002914966638634
 17487.237167059953 832.70441483815557 1.0005848961545525
 19935.589685960666 15324.439039131528 1.0005628663277022


