# Created by Octave 6.2.0, Thu Mar 25 19:53:55 2021 CET <m@archaeopteryx>
# name: centroid_red
# type: matrix
# rows: 18
# columns: 3
 746.79692951162804 4623.0234511844683 1.0002325025664809
 1060.488734105179 21543.60597962463 1.0009887031288691
 1311.7140254167143 2751.308351451069 1.0002032771373706
 3580.4119464747787 21158.844151468413 1.0001541495309463
 3801.3392231223229 9263.6892521483769 1.0006519270905632
 4054.9596445035704 15250.691707034204 1.0008313043996082
 6165.7735225161359 6663.2101767928498 1.0003157583315376
 6412.5617077750485 14488.287813923811 1.0006907583181752
 8397.7827069249706 17159.703700634258 1.0009402623379295
 9688.752075780576 21256.65708598305 1.0007583248942169
 11085.534579376279 6107.8777664643058 1.0009077401266091
 12104.326782097547 1135.5254534038761 1.0003514146947114
 12406.557229024555 14486.850850056437 1.0006821639989076
 13572.5813983835 9966.137228432608 1.000600674951966
 14110.863491037911 11055.813099795414 1.0005144177516749
 16997.96151612551 16747.014123538855 1.0002914966638634
 17484.262989798077 831.33970863783406 1.0005848961545525
 19926.148330399679 15329.42378366248 1.0005628663277022


