# Created by Octave 6.2.0, Thu Mar 25 19:53:55 2021 CET <m@archaeopteryx>
# name: centroid_blue
# type: matrix
# rows: 18
# columns: 3
 711.78552848901484 4580.0911620207708 1.0002325025664809
 1042.7055910631359 21502.183781818283 1.0009887031288691
 1264.4038129172404 2719.4515918429815 1.0002032771373706
 3567.7505001882414 21123.826184548281 1.0001541495309463
 3757.7775710666742 9220.22799171935 1.0006519270905632
 4028.8356345239649 15198.989096767975 1.0008313043996082
 6125.9846932410237 6635.7504044422376 1.0003157583315376
 6372.7782513931434 14421.774948070281 1.0006907583181752
 8380.1848834985176 17113.674757541467 1.0009402623379295
 9672.1655457279394 21204.469079845989 1.0007583248942169
 11046.273995958793 6075.0855945720123 1.0009077401266091
 12066.874286783343 1098.3702518181053 1.0003514146947114
 12378.535485560198 14431.275412506682 1.0006821639989076
 13541.698154983516 9923.09798885079 1.000600674951966
 14069.281395698015 10997.80556032144 1.0005144177516749
 16984.993736075394 16691.021802759733 1.0002914966638634
 17445.85792155622 786.93841968973595 1.0005848961545525
 19919.127854472717 15266.502998239044 1.0005628663277022


