# Created by Octave 6.2.0, Thu Mar 25 19:53:55 2021 CET <m@archaeopteryx>
# name: rotation
# type: matrix
# rows: 3
# columns: 3
 0.99934037262627795 -0.00159530880033723 8470.3647234427644
 0.00086083181683871803 1.000699315556786 3849.7111968291038
 1.1958071155262239e-24 -1.9235616611544262e-24 1.0000000000000004


