# Created by Octave 6.2.0, Thu Mar 25 19:53:55 2021 CET <m@archaeopteryx>
# name: translation
# type: matrix
# rows: 1
# columns: 3
 -8421.1765864640547 -3821.7651508058916 -4.4408920985006262e-16


