# Created by Octave 6.2.0, Thu Mar 25 18:58:55 2021 CET <m@archaeopteryx>
# name: q_shifted
# type: matrix
# rows: 100
# columns: 3
 -0.70130801231015771 -0.78730511827523242 -0.40467547823652206
 -0.98111438065586776 0.93700897075266143 -0.56596192775320775
 0.56728328314393239 -1.0586328122982094 0.3280118979273412
 0.90253830179211725 0.45296444029486999 0.52107041416519206
 -1.1253649885492756 0.9343622241357179 -0.65020656622360073
 1.5166762833688823 -0.91153589131234836 0.87582436577721334
 1.1690510541089523 0.29737534636487956 0.67536184709141645
 -0.39984303917612851 0.88435859578957454 -0.23098622916364486
 1.7017702663625813 -0.20303951209596863 0.98269590148164299
 -1.8467401071637621 0.75021632252753756 -1.0664094451719839
 0.26653320102416012 -1.0305754844377617 0.1539122574060563
 -1.9658028710397617 0.65050281428917733 -1.1354131339670122
 -2.0549381931068242 0.26644648120777376 -1.1868069856090848
 1.0674513272877737 0.36093680622996999 0.61577608453647259
 1.6790423329163411 -0.16778412011900923 0.96895781588139362
 0.36895869110346313 -1.0428405332908737 0.21255160943019213
 -0.20488160975371697 0.84714879833035028 -0.11804240534318378
 1.492325178112281 0.046595008136615712 0.86159102639697061
 1.5886906219384807 -0.052544322564715806 0.91680695081563957
 -1.2472871945106165 -0.5378191937627288 -0.7205469955228051
 -1.4294787644908491 0.90117042106919265 -0.82497218381822013
 0.67331748703840677 -1.0623678209047558 0.38833446668638438
 -1.5320203754797077 -0.35937731585750665 -0.88427515277426438
 1.3360342411914978 0.17930999460104341 0.77179557276214639
 0.27643736552894516 -1.0318956080008244 0.15987145711185913
 1.6421738167042106 -0.8292668004060858 0.9475760916597693
 -0.47927464558140642 0.89680677610863491 -0.27622083510179873
 -0.36626744906664976 0.87858671636638075 -0.2112596815417962
 1.6025745846751795 -0.068819118783008226 0.92545501765040616
 -2.0662116717611516 0.32122058125195557 -1.1931167459761873
 1.3554200388197812 0.16431469991201569 0.78269413228463347
 1.2570594406842377 0.23785542294564316 0.72539566968329683
 -1.3747230541929036 0.91042003834345353 -0.79346342230988132
 1.2330362788878269 0.25445678007401668 0.71221981018513625
 1.5173866766641428 0.022308011390032856 0.87626329516019186
 -1.9886901661172021 0.10761865350537392 -1.1484968515361305
 -0.58912352105769095 -0.82730054016723253 -0.34047728569065083
 0.95183218783510226 -1.054256377004035 0.54913439773496875
 1.5185462874147306 0.021345876418536802 0.87650641912156346
 0.8007036138115351 0.50438383903573136 0.46201338965870242
 1.7045570465260258 -0.20770623570158872 0.98451608919178391
 0.74249286813936222 -1.0629081175097947 0.42830876201607437
 1.0088945200135913 -1.0488844123380858 0.58193854327497352
 0.51357190811444486 0.63023582784858845 0.29674473226771059
 -0.27315589968998694 -0.92306206423118686 -0.15739786541774947
 0.58904541168263824 -1.0596656794095216 0.33988916443446082
 1.7937349695887401 -0.42523193805297499 1.0354898221631144
 -0.97564259407378284 0.9369691668049509 -0.56294541298823852
 0.49789864821561969 0.63647486444264412 0.2872039546036973
 1.7408195614877584 -0.27321783501234115 1.0054304644577012
 -0.48599967896322349 -0.86127385337275431 -0.28084354341243878
 1.6301531101308397 -0.83872979114891155 0.94148264525597458
 -0.50368058160679452 0.90034325630975665 -0.29053116002474189
 1.612389389446542 -0.080269302599435211 0.93082354599344685
 0.087879549581250466 0.77429557045098796 0.050269963569706144
 -2.0192401392352224 0.57769773124301538 -1.1657569816883373
 1.7888963557410125 -0.61153945486946826 1.0325547389124019
 0.76088492413759079 0.52333460493377304 0.43955201688619128
 -1.8653499691921762 0.7377318593536899 -1.0774354050807291
 -0.7554207181265018 -0.76677275349026686 -0.43581393647592248
 1.4307773391931344 0.10240765047565609 0.82558222344449939
 -2.0550208131369785 0.26644949544077162 -1.186665706030972
 -1.9144541192749576 0.70021816707978135 -1.1057837537633632
 -0.79868690228300676 -0.74960680872379115 -0.46163514731795297
 -1.6187197066103058 0.85436558191496981 -0.93425066899446663
 1.7287335580845722 -0.24972564109949399 0.99841700007380085
 0.64499247190610054 -1.0617031022146382 0.37199307907049106
 -1.5933561894308037 0.86213359729828443 -0.92013989771595861
 -0.91716803471452579 -0.70028357194211233 -0.52950209359891121
 1.2887134967833709 0.21488504429401062 0.74428069355896498
 -1.7405193476799701 -0.19193282363455702 -1.0044152056766515
 -0.22095012098928671 0.85061634971875977 -0.12794799163543225
 -2.0388435095088107 0.21470595632774087 -1.1771528812421925
 1.7442057314061576 -0.2795276158320027 1.0066707315105152
 -1.9450159238902693 0.67260839462334809 -1.1226666222837192
 0.32271821988109495 0.7006138730644087 0.18647037775698228
 -1.6782303723513179 0.83365951047284526 -0.96838248252956005
 1.7269677348947179 -0.73938840393916605 0.99712191040549292
 -2.0669463384605109 0.44237053310038349 -1.1928377908912757
 0.16254978918615523 0.75227329625611872 0.094249498020076761
 0.3675206160157426 0.68508988069778631 0.21159924128989571
 1.6653491718124429 -0.80860506909729224 0.96159537732098976
 0.96663232329824955 0.41853087998919708 0.5581845804961334
 -2.0710395184246169 0.37589916905835369 -1.1953127925894074
 -0.71684006281637491 0.92460718602386338 -0.41437787422031958
 -1.995716308663062 0.11989189113104376 -1.1520609959164678
 -0.029989926945388184 -0.98022289802902351 -0.016812968415353957
 1.0019812214810284 0.39875661427914505 0.57880883026804075
 1.26618026893872 -1.0040003310992345 0.73135474005574386
 0.45291023904119387 -1.0508755483721048 0.26177116615961804
 -1.6459532965061501 -0.27315210220916458 -0.94980671473302747
 1.7981590700414085 -0.45166405062092047 1.0378478438502268
 -0.47141396890208476 -0.86584201645428194 -0.27255293261573477
 -0.90419581911222324 -0.70598473544606055 -0.52156308335486012
 -0.55633748939144789 0.90747735972291044 -0.32178797430650985
 -1.8473570071490528 -0.084491871650687389 -1.0667431010130575
 -0.97876127398576995 -0.67296308804174965 -0.56467881009805909
 -1.5566216780368607 0.87257465015445734 -0.89865870384983659
 -0.72551900699513172 0.92530454787225613 -0.41849776737683941
 1.7947642849761989 -0.58564444404173077 1.036317964080703


