# Created by Octave 6.2.0, Thu Mar 25 18:58:55 2021 CET <m@archaeopteryx>
# name: rotation
# type: matrix
# rows: 3
# columns: 3
 -0.82828123674386311 -0.25285883550633115 -0.50001260200562792
 -0.29197986306171891 0.95642446620834631 2.1305580167522023e-06
 -0.47822374724026023 -0.14599537576396593 0.8660181278882223


