# Created by Octave 6.2.0, Thu Mar 25 18:58:55 2021 CET <m@archaeopteryx>
# name: translation
# type: matrix
# rows: 1
# columns: 3
 0.06001017401100904 0.27088905175398487 0.73464567208455889


