# Created by Octave 6.2.0, Thu Mar 25 18:59:08 2021 CET <m@archaeopteryx>
# name: p_shifted
# type: matrix
# rows: 100
# columns: 3
 0.0034650172350894383 -0.97220946302633093 -0.00028075595173075507
 0.11436480150391545 -0.9633930757010728 0.00052753061966233567
 -1.0164854150145548 -0.058730058198405322 0.00024681355073737077
 -0.34567837731183559 -0.91804306679630854 -0.00016525415479143801
 -1.0127876947837962 0.14913094220546 -0.00013758055151633444
 0.87927343118223023 -0.40944249152443968 0.00033874069991835258
 -0.2138182797005202 -0.95356890040393538 0.00042705512307634661
 -0.37582196261122125 0.96214430707576482 3.0752585707903937e-05
 -0.83406798012908634 0.60857552918337365 4.1309901609587344e-06
 0.74397550505935695 -0.61748506110781454 0.00044947477920850387
 -0.67683566047392785 0.78172777329686305 7.2039274981111428e-05
 -0.8726456441038809 0.5503440931494048 7.8764059465086006e-05
 -0.44332002884678462 0.93358901881056411 -0.00042086555222861801
 0.2701815662624803 -0.92939736711368537 -0.00042964233454585542
 -0.82618016502099156 0.61946780455537209 -0.00014368857786729741
 0.76111178236423849 0.65163731795527058 -0.00029475244314018347
 0.55901643466526585 0.84267616802645717 0.00048261702617741881
 0.5164626594520535 -0.81627964268582354 0.00019817903057160204
 -0.050859690937918409 1.0270404396482962 0.00043114539457717635
 0.74101997335657843 -0.62097056819238128 5.8450415562048461e-05
 -1.0075401040716843 0.18619649798839943 -0.00010941310164633121
 -1.0044251685655472 -0.14947160081088992 -0.00022368812061311416
 -0.058403865915783809 1.0267806078145985 -0.00031154439514692665
 -0.47408968649500516 0.91857373112154639 -0.00025086786687567454
 0.97865345634370837 0.075151609938058028 -0.00037908269676910599
 0.97659432275355174 0.10737919324590753 -0.00019154641203170597
 0.22689133343622242 0.9964995968475 0.00028396953485520409
 -0.37853601873200449 0.96110714301598565 -4.6188135063196642e-05
 0.34821054394620454 -0.90214860519941642 -0.00038191217307000357
 -0.73792350660963846 -0.66882937183924729 -0.00010234632440801105
 -0.86631744484019446 0.56052425805801898 1.5734509271944001e-05
 -0.77169395419174946 0.68726278055936207 0.00043660333030952152
 0.080365679452872513 1.0224395246322928 0.00010618866483300983
 0.17503525512215728 -0.95324402129467178 0.00024661528164535336
 0.41078494286855383 0.92986406150326073 -0.00026765192249738549
 -0.74636221949848158 0.71504529225293767 -0.00036387559292151087
 0.97568890212737869 0.11797175535801523 -0.00020357661524883844
 -0.48039091566598835 -0.86031548922523371 -0.00022299999132922233
 0.35401893697307113 0.95484614497226961 -0.00043906664840390332
 0.91700477364812782 0.37626013542687775 -0.00030638682185915394
 0.95363290593854055 -0.19970763501626734 0.00025130460554202781
 0.67152042687945102 0.74966502766530296 0.00011900605899300748
 -0.7108289776622464 0.75073001691829933 0.00027498954528009929
 -0.94286537758208377 -0.35811782393963215 -0.0003078276576627398
 -0.98206405121922991 -0.24605659137448557 0.00046995356811980039
 0.78773658805999491 0.61676450896403534 -0.00035787602464112668
 0.42812117886353629 0.92137722005300704 -0.00014015815545436117
 0.21335147951212888 -0.94483156478595731 -0.00027068259560742282
 0.86584230769816228 0.49109349259387663 -2.1442155090630865e-05
 0.92819948310770184 -0.28953467398884408 0.00038144870657242573
 0.97944779803606175 0.0013914209066388621 0.00049245380178969454
 0.96981265549931439 0.16841113027729299 -0.00030839396544807187
 -0.93599527330236942 -0.37416035754888749 0.00020482409150432586
 0.63361803183131693 -0.72913205674686166 -9.2563721221887592e-05
 0.36039739245767016 -0.89722607523967401 -0.00015431532625338496
 0.43635268394181037 0.91720092923962926 -1.5147372847802297e-05
 0.37900150800678661 -0.88934818553722461 0.00038828922337047272
 0.74776805090622378 -0.61296468518250968 0.00031356677561181212
 -0.60731924994189168 -0.78199824796756134 -0.00034478716198593632
 -1.0111940159942492 -0.10647767920342824 -0.00015127833507021758
 -0.11258823066148189 1.0232343059915554 0.0003411766860643182
 -0.95005890862688258 -0.34043400980101624 -0.00041773901430879599
 0.93208815703467518 0.33267611583365786 0.00019702159824168766
 0.52980479762428179 -0.80764399941060194 -0.00035342787172190372
 -0.79698730172230714 -0.60226644835719079 -3.9862077998231076e-05
 -1.0088009017021402 0.17814255699256812 -1.407948661801586e-05
 -0.9264863192897691 -0.39517776521527304 -0.0003087935936740205
 -0.25588154547052516 0.99934323853946549 -2.8438228006955968e-05
 -0.61281569708408012 -0.77798325010338809 0.0002415886788103784
 -0.029944628690729232 1.0274628472343965 0.00027457134478613132
 -0.95504053636499575 -0.32758670737344553 0.0003157048605085457
 0.91055877238219918 -0.33809549907159409 -0.00019186838444184098
 0.5706057338063526 -0.7792955378858728 0.00052478620767703926
 0.85004109357653312 -0.46509632737346762 -6.1902852605784115e-05
 0.75944504389432799 -0.59869771582385756 -0.00018564733955463744
 0.20135192811747671 1.0026562844240674 4.1997485281514298e-05
 -0.61839974318312729 -0.77384506041369439 -0.00021057500864409218
 0.85435281000580254 -0.45740014150909553 7.5274820418252063e-05
 -1.017110633268467 -0.051174065853315673 -0.00015915122410559856
 -0.12812384120104364 -0.96665014419735118 0.00015064229388596275
 -0.029156984817521676 -0.97244976465260791 0.0004427314984295958
 0.97820861027754658 -0.02868752114578994 0.00018865339761001316
 -0.76211581279389373 -0.64299505243414568 -0.00042654558775354035
 0.53226466295555341 0.8610392166673051 -0.00027316422308255232
 -0.56043282115053483 -0.81401246914146574 -0.00034166590645107355
 -1.0012788545884548 -0.16615433252772541 0.00021103780830569806
 -0.1849156166329558 -0.95883272529714481 -0.0002710113090745531
 -0.10349653554698299 1.0240359481498869 8.3437880310159194e-05
 0.94222394482405214 -0.24400199865340358 0.00030379138594697401
 0.8838435359729957 -0.3999068007064514 0.00044907474225728064
 0.36590502891460613 0.94996042166393879 -0.00024666771441148684
 0.97837591065421059 0.080652350884309415 0.00044538511902336101
 -0.38055164612912962 -0.90531058484308269 -0.00043967316397202586
 -0.51904232704676978 0.89420933410535819 0.00024652961439620535
 -0.55862330416498052 -0.81517135861562529 -3.386908482984509e-05
 -1.0095184285273553 -0.11833526957762416 -1.5736287048557693e-05
 0.3581037525326034 0.95318722149494894 0.00042186712929554826
 -0.96937563428461682 -0.28727000215589427 -7.9558806209568261e-05
 0.97946279245726287 0.053048677155076954 -0.00044511152799008925
 0.86163859864916981 0.49904091939464534 9.5733748737749616e-05


