# Created by Octave 6.2.0, Thu Mar 25 18:59:08 2021 CET <m@archaeopteryx>
# name: q_shifted
# type: matrix
# rows: 100
# columns: 3
 0.003141170926003755 -0.97220946302633093 0.0014893668310822505
 0.098779058091324395 -0.96339307570107291 0.057639255669859502
 -0.88042559875434123 -0.058730058198405349 -0.50802896070234049
 -0.29928362921363627 -0.91804306679630865 -0.17298230295204808
 -0.87703108204728975 0.14913094220545997 -0.50651299564457775
 0.76130375792656058 -0.40944249152443968 0.43993007364254011
 -0.18538558957567522 -0.95356890040393538 -0.10653929926485961
 -0.32548674321429705 0.9621443070757647 -0.18788434878515547
 -0.72232612477004365 0.60857552918337365 -0.41703041252212086
 0.64407694978515706 -0.61748506110781465 0.37237700910683336
 -0.58619289579513112 0.78172777329686305 -0.33835544239475995
 -0.75577267832552752 0.5503440931494048 -0.43625461037553837
 -0.38371597421165138 0.933589018810564 -0.22202449468320001
 0.23419892118484953 -0.92939736711368548 0.13471870195498215
 -0.71542116672206479 0.61946780455537209 -0.41321452046916241
 0.65928951486865361 0.65163731795527058 0.38030062807853227
 0.4838811250400355 0.84267616802645717 0.27992617593760138
 0.44717069367626394 -0.81627964268582365 0.25840295780099909
 -0.044261357078151126 1.0270404396482962 -0.025056462604530649
 0.64171289643068385 -0.62097056819238139 0.37056060622302767
 -0.87250061890687258 0.18619649798839943 -0.50386480656137467
 -0.86974586811792443 -0.14947160081088995 -0.50240630387774932
 -0.050423459364715414 1.0267806078145985 -0.02947173831849581
 -0.41044827824343694 0.91857373112154628 -0.23726210119321006
 0.84772829604348121 0.075151609938058028 0.48899843292631695
 0.8458512659022509 0.1073791932459075 0.48813127731795258
 0.19635167388686667 0.99649959684749989 0.11369159154919672
 -0.32779871440180641 0.96110714301598565 -0.18930800946432036
 0.30175013300954584 -0.90214860519941653 0.17377452632920909
 -0.63900932961143697 -0.66882937183924729 -0.36905038782174043
 -0.75026078222786852 0.56052425805801898 -0.43314509593535155
 -0.66852486994207472 0.68726278055936207 -0.38546886752044968
 0.069545625666168204 1.0224395246322928 0.040274801807775651
 0.15146166985285583 -0.95324402129467178 0.08773120265994494
 0.35588402197755559 0.92986406150326073 0.20516067807002247
 -0.64618670471416162 0.71504529225293756 -0.37349623525652781
 0.84507316374048325 0.11797175535801518 0.48766814854326734
 -0.41591923671834918 -0.86031548922523382 -0.24038858149052894
 0.30680892616364364 0.95484614497226961 0.17662922561506333
 0.7943026227818073 0.37626013542687775 0.45823704805294907
 0.82574467012478114 -0.19970763501626737 0.4770340891417576
 0.58149424580827869 0.74966502766530296 0.33586327571001762
 -0.6157334471742667 0.75073001691829933 -0.35517634089913541
 -0.81639145550605996 -0.35811782393963215 -0.47169927536256517
 -0.85072739328337521 -0.2460565913744856 -0.49062503388102396
 0.68237883476275363 0.61676450896403523 0.39355836430125291
 0.37083389587169113 0.92137722005300704 0.21393920890859708
 0.18490314249030251 -0.94483156478595731 0.10644132175190613
 0.74985215521549653 0.49109349259387658 0.43290258439806084
 0.80365360779756856 -0.28953467398884408 0.46443008582398349
 0.8479804478790649 0.0013914209066388517 0.49015037652057092
 0.84003659355677651 0.16841113027729293 0.48463925074120529
 -0.8106980965477627 -0.37416035754888749 -0.46782025378463477
 0.54877559372242857 -0.72913205674686177 0.31672885338161139
 0.31219045498913933 -0.89722607523967413 0.18006505523610639
 0.3779000829895538 0.91720092923962926 0.21816322396121846
 0.32803078939480329 -0.88934818553722472 0.18983702233484789
 0.6474293448353593 -0.61296468518250968 0.37415558224657441
 -0.52578150507599619 -0.78199824796756134 -0.30395821941212431
 -0.87564406683829288 -0.10647767920342827 -0.50572801887833752
 -0.097674856263017529 1.0232343059915554 -0.055998647653430211
 -0.82256628045544478 -0.34043400980101624 -0.47539122691198449
 0.80711351175952706 0.33267611583365786 0.46621470422650912
 0.4590011277253625 -0.80764399941060194 0.2645963212968242
 -0.69019131874613215 -0.6022664483571909 -0.39852817243334754
 -0.87364016849139292 0.17814255699256809 -0.50441264404415342
 -0.80220629196684368 -0.39517776521527304 -0.46351058274153201
 -0.2215856996230943 0.99934323853946538 -0.12796540096315512
 -0.53083475585208795 -0.77798325010338809 -0.30619862660892344
 -0.026070094825456927 1.0274628472343965 -0.014734528585628515
 -0.8272472185662566 -0.32758670737344553 -0.47724685975319914
 0.78866296271397773 -0.33809549907159409 0.45511322329598991
 0.4938966679175239 -0.7792955378858728 0.28575734509058026
 0.73618813272428574 -0.46509632737346762 0.42496693734534319
 0.65779152446045341 -0.59869771582385756 0.37956174663496467
 0.17435488610807229 1.0026562844240674 0.10071233494788723
 -0.53544459978603898 -0.77384506041369439 -0.30938223489845146
 0.73985359984943588 -0.45740014150909553 0.42724159490964875
 -0.88076407125771761 -0.051174065853315687 -0.50869314563735224
 -0.11103382245749009 -0.96665014419735118 -0.063931460547132168
 -0.025472055298945747 -0.97244976465260802 -0.014195075684065195
 0.84705918000222191 -0.028687521145789957 0.48926768377361374
 -0.65979838171146077 -0.64299505243414568 -0.38142730571181349
 0.46109130176781266 0.8610392166673051 0.26589576432118223
 -0.48517822727771848 -0.81401246914146586 -0.28051230192986099
 -0.86723844324993971 -0.16615433252772543 -0.50045666319107562
 -0.16000611590606673 -0.95883272529714492 -0.09269251099484932
 -0.089672347927521517 1.0240359481498869 -0.051676008449504929
 0.81583797657864299 -0.24400199865340361 0.47137506346970703
 0.76520641775215104 -0.3999068007064514 0.44231067812149061
 0.31700638426973426 0.94996042166393879 0.18273889395032927
 0.84707570051776904 0.080652350884309387 0.48957367015464703
 -0.32934755641782631 -0.90531058484308269 -0.19065659119392675
 -0.44962710566909153 0.89420933410535808 -0.25930766261453253
 -0.48376503801045956 -0.81517135861562529 -0.27934098357035575
 -0.87426073654971059 -0.11833526957762419 -0.50477284228802288
 0.30991601331912283 0.95318722149494883 0.1794172239172932
 -0.83946414569702688 -0.28727000215589427 -0.48475671708958057
 0.84846221609362993 0.05304867715507694 0.48934591833787466
 0.74615304843703634 0.49904091939464534 0.43090220718299121


