# Created by Octave 6.2.0, Thu Mar 25 18:59:08 2021 CET <m@archaeopteryx>
# name: translation
# type: matrix
# rows: 1
# columns: 3
 3.4694469519536142e-18 0.29999999999999999 0.69999999999999996


