# Created by Octave 6.2.0, Thu Jun 24 17:49:45 2021 CEST <m@archaeopteryx>
# name: rekovered_transform
# type: matrix
# rows: 3
# columns: 3
 -0.68403509280779329 -0.3421919755655265 -0.56608071607709065
 -0.00057476351470603609 0.9996327857951639 -0.31917217621564381
 -1.8793717702666732 -0.94016362093601391 1.3638104520064263


