# Created by Octave 6.2.0, Thu Jun 24 17:49:45 2021 CEST <m@archaeopteryx>
# name: rekovered_translation
# type: matrix
# rows: 1
# columns: 3
 -0.0057837070072195504 0.010979682381139323 -0.012874116421912801


