# Created by Octave 6.2.0, Thu Jun 24 17:49:45 2021 CEST <m@archaeopteryx>
# name: simulated_transform
# type: matrix
# rows: 3
# columns: 3
 -0.68404028665133765 -0.34202014332566882 -0.93969262078590832
 0 1 0
 -1.8793852415718166 -0.93969262078590832 0.34202014332566882


