# Created by Octave 6.2.0, Thu Mar 25 19:53:57 2021 CET <m@archaeopteryx>
# name: centroid_blue_transformed
# type: matrix
# rows: 27
# columns: 3
 627.34854307261412 10898.488174313708 1.0003275775049263
 856.69344542107501 13396.367947094997 1.0000701969880414
 1586.2235411781076 7335.0954018402954 1.000919485785275
 3023.2653802801251 8372.2519656040131 1.0006698163527223
 3308.2861971521525 10178.743796658353 1.0009177749951024
 3625.7514223565922 13213.057342240283 1.0002352667691472
 3809.1958681995202 12492.731869153224 1.0001616499134245
 4541.9900647058093 2553.0306651232277 1.0001753038734145
 4996.1240507109142 17932.968487197595 1.0005536814206857
 5459.0783513904717 5430.324618893359 1.0000178937882886
 5769.7199722120786 16406.650082872195 1.0001027005666501
 6258.6692047423858 5920.1607601401629 1.0004536332621448
 6978.0934115914861 8297.0127252494694 1.0009753131913313
 7257.2380597386364 7707.9107244756306 1.0006953136349359
 8380.9337343080551 7920.0315137188481 1.0000140152705568
 9428.0367712583829 10461.753742116929 1.0000423669280774
 10074.832244808946 4281.6500761321295 1.0002439290155778
 10819.302410916342 9483.9087419861025 1.0005184601091293
 12545.154216748357 1386.9766491823502 1.0006091603835996
 12642.53977096286 8709.2308508294464 1.0009900750998868
 15993.768081555856 5580.2544176340489 1.0005883472488133
 16503.746530886841 6705.7673685546106 1.0009471244309873
 18677.643920649862 10497.126040676625 1.0000558020072516
 18923.255697818298 7637.4468806645236 1.0008791816346254
 19019.028671415639 20868.378149077951 1.0006006723208907
 19207.388191709266 4888.5319144694295 1.0004208377556254
 21346.779622701404 9917.6935701808943 1.0000838749707144


