# Created by Octave 6.2.0, Thu Mar 25 19:53:57 2021 CET <m@archaeopteryx>
# name: centroid_red
# type: matrix
# rows: 27
# columns: 3
 618.70193457240873 10904.56821117543 1.0003275775049263
 857.01976615648653 13398.752195678797 1.0000701969880414
 1583.7452737276383 7343.6252656448005 1.000919485785275
 3014.5247324250172 8382.5029068791973 1.0006698163527223
 3297.3152186875363 10194.329323925225 1.0009177749951024
 3633.1394757257181 13204.516487852745 1.0002352667691472
 3815.659902635065 12483.936813353317 1.0001616499134245
 4538.6885949196794 2553.7800366348388 1.0001753038734145
 4982.4300673081416 17954.669416152476 1.0005536814206857
 5453.5263410791431 5419.1010617291577 1.0000178937882886
 5767.4533665493836 16405.368667779101 1.0001027005666501
 6249.5119125884094 5929.5647072581723 1.0004536332621448
 7052.4975344680452 8206.8530971382352 1.0009753131913313
 7250.9492315535672 7721.0880480314818 1.0006953136349359
 8387.3488186985178 7920.1692388975416 1.0000140152705568
 9433.0788089144535 10458.332017152889 1.0000423669280774
 10068.585520230285 4284.064613075866 1.0002439290155778
 10823.260462352937 9490.0056405928754 1.0005184601091293
 12536.385779309809 1387.1255680000738 1.0006091603835996
 12633.753255774245 8727.360775777548 1.0009900750998868
 15994.190094014253 5586.2949462496326 1.0005883472488133
 16495.030747039888 6716.8614942019285 1.0009471244309873
 18687.864736094838 10494.07240606461 1.0000558020072516
 18905.938063126992 7640.5961121379187 1.0008791816346254
 19013.063940031021 20860.251636710022 1.0006006723208907
 19210.671921673664 4893.1716871237386 1.0004208377556254
 21355.751878835054 9912.5821008628027 1.0000838749707144


