# Created by Octave 6.2.0, Thu Mar 25 19:53:57 2021 CET <m@archaeopteryx>
# name: centroid_blue
# type: matrix
# rows: 27
# columns: 3
 588.51703650969898 10871.561073974297 1.0003275775049263
 824.72959259933384 13363.998220083389 1.0000701969880414
 1535.2420011288784 7319.068312118502 1.000919485785275
 2979.1148228889174 8350.5495173785912 1.0006698163527223
 3261.8362498510655 10160.720880476811 1.0009177749951024
 3593.9963276780672 13181.841833294911 1.0002352667691472
 3778.2688066765809 12460.300987935128 1.0001616499134245
 4502.862154668087 2523.2616469685559 1.0001753038734145
 4964.6995766764367 17905.115098367292 1.0005536814206857
 5426.2409057962259 5396.3208060054076 1.0000178937882886
 5745.523830993835 16370.739104469159 1.0001027005666501
 6219.7548466730277 5893.2101858819487 1.0004536332621448
 6933.2170151384789 8278.1403948711504 1.0009753131913313
 7216.9358633916381 7684.0635691322705 1.0006953136349359
 8353.7317182488914 7883.3060237036443 1.0000140152705568
 9403.809315655315 10424.098319616518 1.0000423669280774
 10042.433098434261 4248.9458240822523 1.0002439290155778
 10787.689636851997 9454.0604624533862 1.0005184601091293
 12506.80290921899 1359.9631418772801 1.0006091603835996
 12604.295230691218 8686.766289141231 1.0009900750998868
 15963.457325219253 5549.3743618579629 1.0005883472488133
 16468.901646455153 6680.5816649197368 1.0009471244309873
 18663.862404057847 10453.601909651357 1.0000558020072516
 18893.179614019795 7609.1901018766102 1.0008791816346254
 19005.541385180764 20831.257744230243 1.0006006723208907
 19183.018983587561 4852.7667033829266 1.0004208377556254
 21335.077120241429 9873.0769876579016 1.0000838749707144


