# Created by Octave 6.2.0, Thu Mar 25 19:53:57 2021 CET <m@archaeopteryx>
# name: rotation
# type: matrix
# rows: 3
# columns: 3
 0.99885001943649154 -0.00088570758959947125 17050.410221488419
 0.0006585444858075029 1.0002915467693256 -17718.544718945876
 2.23487919904527e-24 -3.5833105567483131e-24 1.0000000000000002


