# Created by Octave 6.2.0, Thu Mar 25 19:53:57 2021 CET <m@archaeopteryx>
# name: translation
# type: matrix
# rows: 1
# columns: 3
 -17006.858238456538 17747.718882797402 -2.2204460492503131e-16


