# Created by Octave 6.2.0, Thu Mar 25 19:56:26 2021 CET <m@archaeopteryx>
# name: centroid_blue_transformed
# type: matrix
# rows: 27
# columns: 3
 619.89765742284362 10895.760770103238 0
 854.47329913616579 13388.352507085774 0
 1568.9554538516657 7343.8905189948646 0
 3012.1505574426701 8376.3197394226136 0
 3293.6831258274187 10186.676384391518 0
 3623.8590649698103 13208.014825888931 0
 3808.6053632522026 12486.595153777254 0
 4539.724527526314 2550.0338194170617 0
 4991.460093290525 17932.18725719352 0
 5461.216249404566 5423.6987713330564 0
 5773.291853166098 16398.324386519918 0
 6254.4036959640371 5921.1091701189998 0
 6966.2994503896907 8306.5074182971584 0
 7250.4083867702175 7712.6170479401299 0
 8387.0731475669982 7912.606029854277 0
 9435.4818987100734 10454.087397496322 0
 10078.160964528772 4279.3556383514479 0
 10819.998976457009 9484.9585881256789 0
 12544.427531488895 1391.9920098692087 0
 12637.108085248205 8718.857603454082 0
 15998.329881311814 5583.6724222625298 0
 16503.031193421528 6715.2114228827668 0
 18695.513614241576 10489.672355117396 0
 18926.698791241557 7645.4117607047438 0
 19030.377182154389 20867.550343318791 0
 19218.348329984579 4889.1793034424973 0
 21367.109003722562 9910.9018307166098 0


