# Created by Octave 6.2.0, Thu Mar 25 19:56:26 2021 CET <m@archaeopteryx>
# name: rotation
# type: matrix
# rows: 3
# columns: 3
 0.99999978435146231 -0.00065673208248226422 0
 0.00065673208248226422 0.99999978435146242 0
 0 0 1


