# Created by Octave 6.2.0, Thu Mar 25 19:56:26 2021 CET <m@archaeopteryx>
# name: translation
# type: matrix
# rows: 1
# columns: 3
 38.520450769927265 23.815542546224606 0


