# Created by Octave 6.2.0, Thu Mar 25 19:56:29 2021 CET <m@archaeopteryx>
# name: centroid_blue
# type: matrix
# rows: 12
# columns: 3
 2294.2936114295303 18047.200243201849 0
 3750.8123039843031 4625.2656495302144 0
 5108.8684944917195 6418.9262151837038 0
 7701.8583319445843 17930.392791533373 0
 9637.5459232316971 16668.167629582371 0
 9839.8922901138649 9265.6514486650212 0
 10768.368914881092 4749.6140775408203 0
 12689.016607546213 1058.538827867905 0
 12780.846306036618 15499.934477554661 0
 12939.942965549726 11248.539117766475 0
 17773.344275721603 3284.7582889632031 0
 18709.351922339076 3410.2480413113572 0


