# Created by Octave 6.2.0, Thu Mar 25 19:56:29 2021 CET <m@archaeopteryx>
# name: centroid_blue_transformed
# type: matrix
# rows: 12
# columns: 3
 2317.5778430515811 18077.166697521097 0
 3781.8555012397442 4656.0763588678374 0
 5138.8745511635816 6450.5217159349504 0
 7725.2091862550424 17963.485373954365 0
 9661.6261453867446 16702.379442276826 0
 9868.2518667892764 9299.9814745782169 0
 10799.339053786654 4784.4816096309441 0
 12722.120232987359 1094.5173015380612 0
 12805.601357543666 15535.963624748189 0
 12967.15571852727 11284.66094900938 0
 17805.160075990745 3323.6756361507878 0
 18741.095020682456 3449.7064727571528 0


