# Created by Octave 6.2.0, Thu Mar 25 19:56:29 2021 CET <m@archaeopteryx>
# name: translation
# type: matrix
# rows: 1
# columns: 3
 33.717686166834028 28.643140801403206 0


