# Created by Octave 6.2.0, Thu Mar 25 19:54:05 2021 CET <m@archaeopteryx>
# name: rotations
# type: matrix
# ndims: 3
 6 3 3
 0.99888561600899162
 0.99934037262627795
 0.99885001943649154
 0.99900517679094358
 1.0039556998764565
 0.99894048828912663
 0.015816246680712402
 0.00086083181683871803
 0.0006585444858075029
 0.00045029610748380938
 0.0038467612435881217
 -4.3991177629237185e-05
 -7.8796901160935764e-25
 1.1958071155262239e-24
 2.23487919904527e-24
 6.6677834885352734e-24
 -1.3034376001747659e-24
 8.6543760547603236e-25
 -0.0012213701069501216
 -0.00159530880033723
 -0.00088570758959947125
 -0.001217594485064316
 0.0026716796076145508
 -0.001003978979277747
 1.0378601277551214
 1.000699315556786
 1.0002915467693256
 1.0002529790562518
 1.0027660344984941
 0.99962629764533528
 -3.6259794113308662e-24
 -1.9235616611544262e-24
 -3.5833105567483131e-24
 -5.7041012827601489e-24
 -6.3403722421176843e-25
 -9.0571169555425512e-24
 5174.9123973590295
 8470.3647234427644
 17050.410221488419
 -6129.5861747633553
 -6868.4030637204278
 161.84907855262492
 -2588803.7609773474
 3849.7111968291038
 -17718.544718945876
 1626.4644742419341
 -11115.245282321986
 6591.8939942355928
 1
 1.0000000000000004
 1.0000000000000002
 0.99999999999999967
 0.99999999999999978
 1


