# Created by Octave 6.2.0, Thu Mar 25 19:54:05 2021 CET <m@archaeopteryx>
# name: translations
# type: matrix
# rows: 6
# columns: 3
 -5126.933194874071 2589790.9078720603 0
 -8421.1765864640547 -3821.7651508058916 -4.4408920985006262e-16
 -17006.858238456538 17747.718882797402 -2.2204460492503131e-16
 6182.4942092021574 -1599.6461092240897 4.4408920985006262e-16
 6833.7680158744151 11091.147036779077 2.2204460492503131e-16
 -117.07059516166191 -6553.5848220056469 0


