# Created by Octave 6.2.0, Thu Jun 24 17:08:27 2021 CEST <m@archaeopteryx>
# name: rekovered_transform
# type: matrix
# rows: 3
# columns: 3
 0.34202027540652852 0.00011262769332564947 -0.93969256596284978
 -0.00032936087997667855 0.99999994576070406 -2.1721637170076349e-08
 0.93969251499214013 0.00030950539967350974 0.34202029395074546


