# Created by Octave 6.2.0, Thu Jun 24 17:08:27 2021 CEST <m@archaeopteryx>
# name: rekovered_translation
# type: matrix
# rows: 1
# columns: 3
 0.0017084113850825977 0.010275431573303968 0.0077092368464401623


