# Created by Octave 6.2.0, Thu Jun 24 17:08:27 2021 CEST <m@archaeopteryx>
# name: simulated_transform
# type: matrix
# rows: 3
# columns: 3
 0.34202014332566882 0 -0.93969262078590832
 0 1 0
 0.93969262078590832 0 0.34202014332566882


