# Created by Octave 6.2.0, Mon Jun 21 12:30:41 2021 CEST <m@archaeopteryx>
# name: centroid_blue
# type: matrix
# rows: 27
# columns: 3
 588.51703650969898 10871.561073974297 0
 824.72959259933384 13363.998220083389 0
 1535.2420011288784 7319.068312118502 0
 2979.1148228889174 8350.5495173785912 0
 3261.8362498510655 10160.720880476811 0
 3593.9963276780672 13181.841833294911 0
 3778.2688066765809 12460.300987935128 0
 4502.862154668087 2523.2616469685559 0
 4964.6995766764367 17905.115098367292 0
 5426.2409057962259 5396.3208060054076 0
 5745.523830993835 16370.739104469159 0
 6219.7548466730277 5893.2101858819487 0
 6933.2170151384789 8278.1403948711504 0
 7216.9358633916381 7684.0635691322705 0
 8353.7317182488914 7883.3060237036443 0
 9403.809315655315 10424.098319616518 0
 10042.433098434261 4248.9458240822523 0
 10787.689636851997 9454.0604624533862 0
 12506.80290921899 1359.9631418772801 0
 12604.295230691218 8686.766289141231 0
 15963.457325219253 5549.3743618579629 0
 16468.901646455153 6680.5816649197368 0
 18663.862404057847 10453.601909651357 0
 18893.179614019795 7609.1901018766102 0
 19005.541385180764 20831.257744230243 0
 19183.018983587561 4852.7667033829266 0
 21335.077120241429 9873.0769876579016 0


