# Created by Octave 6.2.0, Mon Jun 21 12:30:41 2021 CEST <m@archaeopteryx>
# name: centroid_red
# type: matrix
# rows: 27
# columns: 3
 618.70193457240873 10904.56821117543 0
 857.01976615648653 13398.752195678797 0
 1583.7452737276383 7343.6252656448005 0
 3014.5247324250172 8382.5029068791973 0
 3297.3152186875363 10194.329323925225 0
 3633.1394757257181 13204.516487852745 0
 3815.659902635065 12483.936813353317 0
 4538.6885949196794 2553.7800366348388 0
 4982.4300673081416 17954.669416152476 0
 5453.5263410791431 5419.1010617291577 0
 5767.4533665493836 16405.368667779101 0
 6249.5119125884094 5929.5647072581723 0
 7052.4975344680452 8206.8530971382352 0
 7250.9492315535672 7721.0880480314818 0
 8387.3488186985178 7920.1692388975416 0
 9433.0788089144535 10458.332017152889 0
 10068.585520230285 4284.064613075866 0
 10823.260462352937 9490.0056405928754 0
 12536.385779309809 1387.1255680000738 0
 12633.753255774245 8727.360775777548 0
 15994.190094014253 5586.2949462496326 0
 16495.030747039888 6716.8614942019285 0
 18687.864736094838 10494.07240606461 0
 18905.938063126992 7640.5961121379187 0
 19013.063940031021 20860.251636710022 0
 19210.671921673664 4893.1716871237386 0
 21355.751878835054 9912.5821008628027 0


