# Created by Octave 6.2.0, Mon Jun 21 12:30:41 2021 CEST <m@archaeopteryx>
# name: translation
# type: matrix
# rows: 1
# columns: 3
 38.520450769927265 23.815542546224606 0


