# Created by Octave 6.2.0, Mon Jun 21 12:30:43 2021 CEST <m@archaeopteryx>
# name: centroid_red
# type: matrix
# rows: 12
# columns: 3
 2319.6697876727835 18079.599449391084 0
 3787.747895907808 4652.1936686596855 0
 5151.5988960801214 6456.4665634750072 0
 7718.4577301958807 17965.027968717517 0
 9657.7821683533275 16701.321550981462 0
 9874.1325460871467 9302.9137531715896 0
 10796.419061716579 4779.6026548058908 0
 12726.310765552036 1093.9859791721813 0
 12805.507727456459 15541.651815435553 0
 12965.445676507841 11281.281037548779 0
 17796.782890135684 3320.935637586108 0
 18734.01140773845 3447.6365780229289 0


