# Created by Octave 6.2.0, Mon Jun 21 12:30:43 2021 CEST <m@archaeopteryx>
# name: rotation
# type: matrix
# rows: 3
# columns: 3
 0.99999983290067118 -0.00057809915273648871 0
 0.0005780991527364332 0.99999983290067096 0
 0 0 1


