# Created by Octave 6.2.0, Mon Jun 21 12:30:43 2021 CEST <m@archaeopteryx>
# name: translation
# type: matrix
# rows: 1
# columns: 3
 33.717686166834028 28.643140801403206 0


