# Created by Octave 6.2.0, Thu Mar 25 19:56:34 2021 CET <m@archaeopteryx>
# name: rotations
# type: matrix
# ndims: 3
 6 3 3
 0.99999986164310506
 0.9999993272560761
 0.99999978435146231
 0.99999983290067118
 0.99999897725395948
 0.99999981141284766
 0.00052603590213878837
 0.0011599514629850316
 0.00065673208248226422
 0.0005780991527364332
 0.0014302066408002911
 0.00061414515322671948
 0
 0
 0
 0
 0
 0
 -0.00052603590213878837
 -0.0011599514629850316
 -0.00065673208248226422
 -0.00057809915273648871
 -0.0014302066408002911
 -0.00061414515322671948
 0.99999986164310506
 0.99999932725607577
 0.99999978435146242
 0.99999983290067096
 0.99999897725395948
 0.99999981141284766
 0
 0
 0
 0
 0
 0
 0
 0
 0
 0
 0
 0
 0
 0
 0
 0
 0
 0
 1
 1
 1
 1
 1
 1


