# Created by Octave 6.2.0, Thu Mar 25 19:56:34 2021 CET <m@archaeopteryx>
# name: translations
# type: matrix
# rows: 6
# columns: 3
 32.791504680930302 31.042286044788852 0
 43.018339250105782 35.569877669628113 0
 38.520450769927265 23.815542546224606 0
 33.717686166834028 28.643140801403206 0
 55.303047059866003 30.832442118442486 0
 27.741055188538667 29.308820499167268 0


