# Created by Octave 6.2.0, Thu Mar 25 19:54:05 2021 CET <m@archaeopteryx>
# name: centroid_blue_transformed
# type: matrix
# rows: 16
# columns: 3
 2004.0362513542268 7580.5361971826405 1.0001105593177793
 2985.546834327477 2982.2257006057735 1.0000411252189692
 5513.3384720761505 12567.96895533122 1.000230522059256
 9459.5730542747115 19539.707887586686 1.0004444020078631
 9798.2707698960512 1431.1050560289113 1.0006391791322895
 9940.5085765976564 10985.209224620019 1.0004944201741826
 10155.163113156026 20711.381379324012 1.0009317660716615
 12874.281169760841 14484.364744133545 1.0003182825164276
 14272.69813830927 17032.493798622247 1.0008801280149384
 14498.642100903769 11266.832781481349 1.000465657173091
 14906.153686944219 13143.684925045232 1.0001357573083807
 15443.058102176923 3703.4243169403053 1.0006370277908367
 15796.566450050366 1055.8544333069694 1.0006985717545613
 16632.915540997034 16511.453380636991 1.0007859395185907
 20189.804701148907 10783.097194630522 1.0004420597438008
 21031.694684014652 8811.8805941193568 1.0001300696914182


