# Created by Octave 6.2.0, Thu Mar 25 19:54:05 2021 CET <m@archaeopteryx>
# name: centroid_red
# type: matrix
# rows: 16
# columns: 3
 2004.1397078940556 7578.4227219551749 1.0001105593177793
 2988.6943889716022 2979.3379379357443 1.0000411252189692
 5509.9248650459413 12568.048347843076 1.000230522059256
 9456.4690114390414 19536.508960124465 1.0004444020078631
 9795.8430490022638 1434.2279904106772 1.0006391791322895
 9943.7664519766149 10983.907159658353 1.0004944201741826
 10157.068626576887 20711.012092617293 1.0009317660716615
 12869.425191642678 14488.999649966279 1.0003182825164276
 14269.069929761068 17035.595581460169 1.0008801280149384
 14503.03475896652 11272.425453364165 1.000465657173091
 14908.807835199077 13149.467193434544 1.0001357573083807
 15450.047231234163 3701.4906574483252 1.0006370277908367
 15789.40291653561 1057.8710812586853 1.0006985717545613
 16636.996544658577 16509.756945446083 1.0007859395185907
 20190.191557305956 10769.372032827467 1.0004420597438008
 21029.369579778242 8814.7767638452315 1.0001300696914182


