# Created by Octave 6.2.0, Thu Mar 25 19:54:05 2021 CET <m@archaeopteryx>
# name: centroid_blue
# type: matrix
# rows: 16
# columns: 3
 1968.9003702729112 7544.4042055118834 1.0001105593177793
 2946.8405000537114 2944.8755772131758 1.0000411252189692
 5486.919067936331 12533.065218137866 1.000230522059256
 9444.3127937315585 19506.174234113565 1.0004444020078631
 9765.1301659703495 1389.5313334224695 1.0006391791322895
 9917.1491384538185 10948.168510434189 1.0004944201741826
 10141.736481245534 20675.102585372351 1.0009317660716615
 12857.58134967357 14449.923077718995 1.0003182825164276
 14259.948775359335 16995.36143434242 1.0008801280149384
 14480.405383334486 11230.287841624071 1.000465657173091
 14890.291869677925 13110.035147508448 1.0001357573083807
 15418.189806987317 3662.9630472841227 1.0006370277908367
 15769.400816043091 1014.0130036831306 1.0006985717545613
 16622.16163331924 16474.851297602272 1.0007859395185907
 20177.12210688851 10746.777722933091 1.0004420597438008
 21017.975782198133 8776.9185769166543 1.0001300696914182


