# Created by Octave 6.2.0, Thu Mar 25 19:54:05 2021 CET <m@archaeopteryx>
# name: rotation
# type: matrix
# rows: 3
# columns: 3
 0.99894048828912663 -0.001003978979277747 161.84907855262492
 -4.3991177629237185e-05 0.99962629764533528 6591.8939942355928
 8.6543760547603236e-25 -9.0571169555425512e-24 1


