# Created by Octave 6.2.0, Thu Mar 25 19:54:05 2021 CET <m@archaeopteryx>
# name: translation
# type: matrix
# rows: 1
# columns: 3
 -117.07059516166191 -6553.5848220056469 0


