# Created by Octave 6.2.0, Mon Jun 21 12:30:38 2021 CEST <m@archaeopteryx>
# name: centroid_blue
# type: matrix
# rows: 18
# columns: 3
 711.78552848901484 4580.0911620207708 0
 1042.7055910631359 21502.183781818283 0
 1264.4038129172404 2719.4515918429815 0
 3567.7505001882414 21123.826184548281 0
 3757.7775710666742 9220.22799171935 0
 4028.8356345239649 15198.989096767975 0
 6125.9846932410237 6635.7504044422376 0
 6372.7782513931434 14421.774948070281 0
 8380.1848834985176 17113.674757541467 0
 9672.1655457279394 21204.469079845989 0
 11046.273995958793 6075.0855945720123 0
 12066.874286783343 1098.3702518181053 0
 12378.535485560198 14431.275412506682 0
 13541.698154983516 9923.09798885079 0
 14069.281395698015 10997.80556032144 0
 16984.993736075394 16691.021802759733 0
 17445.85792155622 786.93841968973595 0
 19919.127854472717 15266.502998239044 0


