# Created by Octave 6.2.0, Mon Jun 21 12:30:38 2021 CEST <m@archaeopteryx>
# name: translation
# type: matrix
# rows: 1
# columns: 3
 43.018339250105782 35.569877669628113 0


