# Created by Octave 6.2.0, Thu Mar 25 19:56:20 2021 CET <m@archaeopteryx>
# name: centroid_red
# type: matrix
# rows: 25
# columns: 3
 990.65287260636217 19934.443642169306 0
 1136.2917409299309 16319.781096441491 0
 2837.8789686359378 20289.916213691708 0
 3035.9769836248356 3505.1616879578323 0
 3794.4373156646179 2677.113896748921 0
 4598.8059729840488 9902.0787998920368 0
 5275.5510546305177 12702.273818822154 0
 5298.1315292363442 3008.9680958911699 0
 6791.3090648671969 15670.914554063938 0
 6924.5314828269393 16519.706899093184 0
 8918.1989923170859 10458.279540933489 0
 9320.2132322698399 13353.642590574842 0
 11070.40532805116 18407.032114705482 0
 11424.19910881718 4242.8190483964609 0
 11349.124160786676 17192.425562921951 0
 12349.69141413491 821.51719119084953 0
 13400.657985230167 1741.309026914704 0
 13887.420045353649 6942.895579686493 0
 14108.35286199684 2675.1058889345159 0
 14946.082723359666 5583.6205688558957 0
 14999.382396684456 10280.296765989979 0
 16394.325655272671 17109.882614116799 0
 16983.907248807347 13380.646354149472 0
 17463.476939903583 5191.7974059507205 0
 20969.933551349637 9864.7270398763667 0


