# Created by Octave 6.2.0, Thu Mar 25 19:56:21 2021 CET <m@archaeopteryx>
# name: centroid_blue_transformed
# type: matrix
# rows: 25
# columns: 3
 982.94629280716163 19935.444415317084 0
 1136.0966949595943 16300.98205526886 0
 2835.9602235751172 20301.441077681775 0
 3022.0285165668947 3503.4435472594228 0
 3774.9319929160297 2672.5548066583538 0
 4593.9608134243699 9900.8956289880443 0
 5288.8348101850715 3005.4211124757117 0
 5274.7867763470022 12695.896334215669 0
 6793.5213221345875 15679.721899646976 0
 6928.8188547079744 16521.400877427412 0
 8924.2539647445465 10457.741771996694 0
 9321.0000924636588 13356.564703999893 0
 11072.050813783328 18400.598692734296 0
 11422.321196359766 4242.4186385392195 0
 11353.36973756173 17184.245712067648 0
 12348.285999321013 829.99288899311364 0
 13400.916543738829 1742.9256026065534 0
 13889.474643208347 6944.9937362109176 0
 14105.557105089445 2673.7975241054141 0
 14948.796026664833 5576.6461088226652 0
 14997.460471707422 10287.995609942342 0
 16404.627384331863 17109.916800384482 0
 16993.718699244419 13381.206555247685 0
 17473.482528305947 5195.6809263003588 0
 20981.737126192624 9874.4289710791909 0


