# Created by Octave 6.2.0, Thu Mar 25 19:56:21 2021 CET <m@archaeopteryx>
# name: translation
# type: matrix
# rows: 1
# columns: 3
 32.791504680930302 31.042286044788852 0


