# Created by Octave 6.2.0, Thu Mar 25 19:54:00 2021 CET <m@archaeopteryx>
# name: centroid_blue
# type: matrix
# rows: 12
# columns: 3
 2294.2936114295303 18047.200243201849 1.0004678127259472
 3750.8123039843031 4625.2656495302144 1.0006606266424352
 5108.8684944917195 6418.9262151837038 1.0004307148447669
 7701.8583319445843 17930.392791533373 1.0002466553114788
 9637.5459232316971 16668.167629582371 1.000043986118766
 9839.8922901138649 9265.6514486650212 1.0004661812427356
 10768.368914881092 4749.6140775408203 1.0006912816530216
 12689.016607546213 1058.538827867905 1.0003689269689433
 12780.846306036618 15499.934477554661 1.0005385805784193
 12939.942965549726 11248.539117766475 1.0001098132636392
 17773.344275721603 3284.7582889632031 1.0008668228531492
 18709.351922339076 3410.2480413113572 1.0008506892216751


