# Created by Octave 6.2.0, Thu Mar 25 19:54:00 2021 CET <m@archaeopteryx>
# name: centroid_red
# type: matrix
# rows: 12
# columns: 3
 2319.6697876727835 18079.599449391084 1.0004678127259472
 3787.747895907808 4652.1936686596855 1.0006606266424352
 5151.5988960801214 6456.4665634750072 1.0004307148447669
 7718.4577301958807 17965.027968717517 1.0002466553114788
 9657.7821683533275 16701.321550981462 1.000043986118766
 9874.1325460871467 9302.9137531715896 1.0004661812427356
 10796.419061716579 4779.6026548058908 1.0006912816530216
 12726.310765552036 1093.9859791721813 1.0003689269689433
 12805.507727456459 15541.651815435553 1.0005385805784193
 12965.445676507841 11281.281037548779 1.0001098132636392
 17796.782890135684 3320.935637586108 1.0008668228531492
 18734.01140773845 3447.6365780229289 1.0008506892216751


