# Created by Octave 6.2.0, Thu Mar 25 19:54:00 2021 CET <m@archaeopteryx>
# name: centroid_blue_transformed
# type: matrix
# rows: 12
# columns: 3
 2320.0775594309748 18080.378164167207 1.0004678127259472
 3790.307877409311 4656.0175718320361 1.0006606266424352
 5146.2383550627937 6450.3694800878729 1.0004307148447669
 7723.7605365967229 17965.616463326609 1.0002466553114788
 9660.3016176203455 16703.613983191051 1.000043986118766
 9868.8720671230167 9300.002921868072 1.0004661812427356
 10800.543951629463 4783.6072951022161 1.0006912816530216
 12725.751073076357 1091.9388424341805 1.0003689269689433
 12798.865747132586 15537.305148887874 1.0005385805784193
 12965.608775345103 11284.208540915102 1.0001098132636392
 17799.258205818325 3321.8207533534396 1.0008668228531492
 18734.280787159129 3447.737491802126 1.0008506892216751


