# Created by Octave 6.2.0, Thu Mar 25 19:54:00 2021 CET <m@archaeopteryx>
# name: rotation
# type: matrix
# rows: 3
# columns: 3
 0.99900517679094358 -0.001217594485064316 -6129.5861747633553
 0.00045029610748380938 1.0002529790562518 1626.4644742419341
 6.6677834885352734e-24 -5.7041012827601489e-24 0.99999999999999967


