# Created by Octave 6.2.0, Thu Mar 25 19:54:00 2021 CET <m@archaeopteryx>
# name: translation
# type: matrix
# rows: 1
# columns: 3
 6182.4942092021574 -1599.6461092240897 4.4408920985006262e-16


