# Created by Octave 6.2.0, Thu Mar 25 19:56:23 2021 CET <m@archaeopteryx>
# name: centroid_blue_transformed
# type: matrix
# rows: 18
# columns: 3
 749.49070544574033 4616.4835951269997 0
 1060.7817393042978 21538.948681900234 0
 1304.2668696948886 2756.4862870706711 0
 3586.2638261692682 21163.520268704444 0
 3790.098365346701 9260.1505061277494 0
 4054.2211737606876 15239.222003198427 0
 6161.3017628825137 6678.4216628582471 0
 6399.0637444455469 14464.727237034418 0
 8403.3465529581026 17158.953729806082 0
 9690.5812231564541 21251.243934912876 0
 11082.238099472002 6123.4645269468638 0
 12108.610451936596 1147.9363790484306 0
 12404.805918198292 14481.194081969546 0
 13573.197072108958 9974.3689034027102 0
 14099.533349275229 11049.687722822286 0
 17008.639873615339 16746.282219978806 0
 17487.951713840212 842.7441163704616 0
 19944.424390763117 15325.167826957719 0


