# Created by Octave 6.2.0, Thu Mar 25 19:56:23 2021 CET <m@archaeopteryx>
# name: centroid_red
# type: matrix
# rows: 18
# columns: 3
 746.79692951162804 4623.0234511844683 0
 1060.488734105179 21543.60597962463 0
 1311.7140254167143 2751.308351451069 0
 3580.4119464747787 21158.844151468413 0
 3801.3392231223229 9263.6892521483769 0
 4054.9596445035704 15250.691707034204 0
 6165.7735225161359 6663.2101767928498 0
 6412.5617077750485 14488.287813923811 0
 8397.7827069249706 17159.703700634258 0
 9688.752075780576 21256.65708598305 0
 11085.534579376279 6107.8777664643058 0
 12104.326782097547 1135.5254534038761 0
 12406.557229024555 14486.850850056437 0
 13572.5813983835 9966.137228432608 0
 14110.863491037911 11055.813099795414 0
 16997.96151612551 16747.014123538855 0
 17484.262989798077 831.33970863783406 0
 19926.148330399679 15329.42378366248 0


