# Created by Octave 6.2.0, Thu Mar 25 19:56:23 2021 CET <m@archaeopteryx>
# name: translation
# type: matrix
# rows: 1
# columns: 3
 43.018339250105782 35.569877669628113 0


