# Created by Octave 6.2.0, Thu Jun 24 17:06:44 2021 CEST <m@archaeopteryx>
# name: rekovered_transform
# type: matrix
# rows: 3
# columns: 3
 0.99999994796205394 -0.00032260776086984845 -3.4960382115258981e-07
 0.00032260776089099803 0.99999994796211333 6.0516320265285432e-08
 3.4958427992537867e-07 -6.0629102022263632e-08 0.99999999999993705


