# Created by Octave 6.2.0, Thu Jun 24 17:06:44 2021 CEST <m@archaeopteryx>
# name: rekovered_translation
# type: matrix
# rows: 1
# columns: 3
 0.0047188744214386458 0.01042220566364592 0.003004385723811104


