# Created by Octave 6.2.0, Thu Mar 25 19:56:31 2021 CET <m@archaeopteryx>
# name: translation
# type: matrix
# rows: 1
# columns: 3
 55.303047059866003 30.832442118442486 0


