# Created by Octave 6.2.0, Mon Jun 21 14:02:18 2021 CEST <m@archaeopteryx>
# name: rotations
# type: matrix
# ndims: 3
 6 3 3
 0.99896453951500497
 0.99936955973631691
 0.99892593102990068
 0.99879568271914765
 1.0039837976371864
 0.99895124179179129
 -0.022314795787935566
 0.00069180522575775112
 0.00058302172517941269
 0.00031245120110933372
 0.0038714799188961321
 6.8744075988250961e-06
 -3.9243285265913917e-24
 -2.8664115997093633e-24
 1.7886389286702359e-24
 -3.2002687828434166e-24
 -4.5946540470904981e-25
 3.2321303432798049e-24
 -0.0011091585170189162
 -0.0014736091864929954
 -0.0011182893177915333
 -0.0011314629744777862
 0.0031118746445640325
 -0.0010051085953663795
 0.98258396634226941
 1.0005590269412996
 1.0006545233782513
 1.0001685455397931
 1.0031282703318674
 0.99971671524480865
 0
 -7.694246644617705e-24
 1.1944368522494377e-24
 0
 0
 -7.3589075263783226e-24
 3584.8978265222331
 -133.24561910400411
 -8795.0909621531682
 8540.7844214393717
 -36997.770724820642
 1085.6652031780641
 -1686671.4222921417
 14615.428920775912
 22065.970003129671
 7246.1553314330058
 -29004.041124929572
 -6018.8470918889716
 1
 1.0000000000000004
 1.0000000000000002
 0.99999999999999967
 1
 1


