# Created by Octave 6.2.0, Mon Jun 21 14:02:18 2021 CEST <m@archaeopteryx>
# name: translations
# type: matrix
# rows: 6
# columns: 3
 -3537.4580858054069 1687858.7137420247 0
 185.66073852617228 -14590.243813337791 -4.4408920985006262e-16
 8852.1366529320803 -22058.307137537642 -2.2204460492503131e-16
 -8494.7388368354204 -7220.8318714914512 4.4408920985006262e-16
 36976.370549397536 28987.231740673262 0
 -1041.4698383403556 6061.5936554323516 0


