# Created by Octave 6.2.0, Thu Mar 25 19:54:03 2021 CET <m@archaeopteryx>
# name: centroid_blue
# type: matrix
# rows: 18
# columns: 3
 1130.2283886179584 18631.535487862297 1.0007870856019994
 1852.7411084564608 19027.692354160012 1.000472032442248
 2190.0193362340679 21364.523355131711 1.0000453773829296
 2909.7587546764444 20331.35966558303 1.0003332754091785
 3109.8888389681233 7853.4077162018302 1.0003949001935137
 3848.2223287338584 15356.935636595821 1.000618156643464
 5385.4875024420562 20709.636033206178 1.0009126405221795
 7150.4541771377417 7418.8247077574506 1.0002347722680953
 7596.2682430066307 8874.6025432357401 1.00058000609949
 9130.9191451285587 14832.913481258996 1.0003072340903056
 11985.549287322261 9258.4766493393545 1.00076942886911
 13511.683425421001 15432.887234731581 1.0001321577698381
 13893.810972831074 5182.4211071673917 1.0008864603154268
 16648.202024022663 14089.078153288927 1.0005834244181113
 16927.802640375652 6113.853095185149 1.000543289062072
 20702.055595520076 14801.43475988978 1.0003151914095734
 21147.098755593081 15094.572766390791 1.0006749473956069
 21403.63419685388 1070.2862176138701 1.0003146460582668


