# Created by Octave 6.2.0, Thu Mar 25 19:54:03 2021 CET <m@archaeopteryx>
# name: centroid_blue_transformed
# type: matrix
# rows: 18
# columns: 3
 1144.4356573304558 18654.571781476065 1.0007870856019994
 1873.0287369543357 19058.105658409055 1.000472032442248
 2220.8148388242062 21407.44021899678 1.0000453773829296
 2938.6636483489747 20370.987371562511 1.0003332754091785
 3105.8250335648759 7858.6058546773438 1.0003949001935137
 3865.5927562701104 15383.247434610776 1.000618156643464
 5421.2169561565343 20753.393816725984 1.0009126405221795
 7162.3123921155602 7440.1437259517797 1.0002347722680953
 7611.4081314807436 8897.8258746998654 1.00058000609949
 9169.9218579191202 14881.553069731408 1.0003072340903056
 12017.776410971077 9297.5408254861486 1.00076942886911
 13570.820559312042 15501.984141800134 1.0001321577698381
 13921.892873377543 5216.2505669296434 1.0008864603154268
 16713.056575597722 14161.507536780427 1.0005834244181113
 16972.731627722787 6165.7444021742194 1.000543289062072
 20786.691496203923 14894.410228819101 1.0003151914095734
 21231.807335167763 15186.07226391226 1.0006749473956069
 21454.363848067405 1127.9857230577873 1.0003146460582668


