# Created by Octave 6.2.0, Thu Mar 25 19:54:03 2021 CET <m@archaeopteryx>
# name: centroid_red
# type: matrix
# rows: 18
# columns: 3
 1150.3805559683151 18662.175694895042 1.0007870856019994
 1876.5733279610113 19060.255692504103 1.000472032442248
 2207.9842629551472 21390.086477074146 1.0000453773829296
 2931.5248750800129 20362.185411020859 1.0003332754091785
 3143.2890311321835 7891.5388646029805 1.0003949001935137
 3867.1055144781558 15392.221456747628 1.000618156643464
 5401.1024685317143 20739.792573242641 1.0009126405221795
 7184.9031319435981 7453.4299205251145 1.0002347722680953
 7627.2660174198463 8908.2875616918718 1.00058000609949
 9154.9311660507447 14881.864405097032 1.0003072340903056
 12019.125791674172 9290.79551292203 1.00076942886911
 13534.344788382392 15460.361462733688 1.0001321577698381
 13923.471071479331 5213.9094811354589 1.0008864603154268
 16663.876704698065 14131.87537918116 1.0005834244181113
 16946.152466999054 6147.1702851203117 1.000543289062072
 20870.860886097853 14979.513454772577 1.0003151914095734
 21260.773851454207 15190.485571674593 1.0006749473956069
 21418.694823079361 1101.4212908600232 1.0003146460582668


