# Created by Octave 6.2.0, Thu Mar 25 19:54:03 2021 CET <m@archaeopteryx>
# name: rotation
# type: matrix
# rows: 3
# columns: 3
 1.0039556998764565 0.0026716796076145508 -6868.4030637204278
 0.0038467612435881217 1.0027660344984941 -11115.245282321986
 -1.3034376001747659e-24 -6.3403722421176843e-25 0.99999999999999978


