# Created by Octave 6.2.0, Thu Mar 25 19:54:03 2021 CET <m@archaeopteryx>
# name: translation
# type: matrix
# rows: 1
# columns: 3
 6833.7680158744151 11091.147036779077 2.2204460492503131e-16


