# Created by Octave 6.2.0, Mon Jun 21 12:30:48 2021 CEST <m@archaeopteryx>
# name: translation
# type: matrix
# rows: 1
# columns: 3
 27.741055188538667 29.308820499167268 0


