# Created by Octave 6.2.0, Thu Mar 25 18:59:08 2021 CET <m@archaeopteryx>
# name: rotation
# type: matrix
# rows: 3
# columns: 3
 0.86602540378443815 -2.6600222675574048e-17 -0.49999999999999994
 -7.5566038011017869e-17 0.99999999999999956 -4.6543613418676549e-17
 0.49999999999999967 6.8002346104416994e-17 0.86602540378443871


