# Created by Octave 6.2.0, Mon Jun 21 14:02:18 2021 CEST <m@archaeopteryx>
# name: centroid_blue
# type: matrix
# rows: 16
# columns: 3
 1968.9003702729112 7544.4042055118834 1.0009588135617291
 2946.8405000537114 2944.8755772131758 1.0005331543247971
 5486.919067936331 12533.065218137866 1.0007094100722851
 9444.3127937315585 19506.174234113565 1.0000787769759121
 9765.1301659703495 1389.5313334224695 1.0000576683779381
 9917.1491384538185 10948.168510434189 1.0007153385440906
 10141.736481245534 20675.102585372351 1.0002426873798786
 12857.58134967357 14449.923077718995 1.0009307429321084
 14259.948775359335 16995.36143434242 1.0005412378052285
 14480.405383334486 11230.287841624071 1.0006383449023373
 14890.291869677925 13110.035147508448 1.0001382297107306
 15418.189806987317 3662.9630472841227 1.000438541580323
 15769.400816043091 1014.0130036831306 1.000165363982493
 16622.16163331924 16474.851297602272 1.0004882274355087
 20177.12210688851 10746.777722933091 1.0007834947702385
 21017.975782198133 8776.9185769166543 1.0005205623776268


