# Created by Octave 6.2.0, Mon Jun 21 14:02:18 2021 CEST <m@archaeopteryx>
# name: centroid_blue_transformed
# type: matrix
# rows: 16
# columns: 3
 2004.4888396925771 7579.2561371628299 1.0009588135617291
 2985.5642490721211 2983.5991858249899 1.0005331543247971
 5513.533071616991 12568.029243936733 1.0007094100722851
 9459.0830600420886 19542.985773347573 1.0000787769759121
 9797.7502490567676 1431.6042962583997 1.0000576683779381
 9940.716331622998 10983.576285950878 1.0007153385440906
 10154.778370627992 20710.60122774099 1.0002426873798786
 12874.778953859792 14483.062587205488 1.0009307429321084
 14272.694321063012 17030.133872192684 1.0005412378052285
 14498.819674178272 11266.110479675255 1.0006383449023373
 14905.843980869357 13148.338216397651 1.0001382297107306
 15443.009652399796 3702.1384254431482 1.000438541580323
 15796.218229072278 1055.5854175646691 1.000165363982493
 16632.895406597199 16510.106488162848 1.0004882274355087
 20190.205483645695 10781.902858722307 1.0007834947702385
 21031.871772571314 8814.1900740093406 1.0005205623776268


