# Created by Octave 6.2.0, Mon Jun 21 14:02:18 2021 CEST <m@archaeopteryx>
# name: centroid_red
# type: matrix
# rows: 16
# columns: 3
 2004.1397078940556 7578.4227219551749 1.0009588135617291
 2988.6943889716022 2979.3379379357443 1.0005331543247971
 5509.9248650459413 12568.048347843076 1.0007094100722851
 9456.4690114390414 19536.508960124465 1.0000787769759121
 9795.8430490022638 1434.2279904106772 1.0000576683779381
 9943.7664519766149 10983.907159658353 1.0007153385440906
 10157.068626576887 20711.012092617293 1.0002426873798786
 12869.425191642678 14488.999649966279 1.0009307429321084
 14269.069929761068 17035.595581460169 1.0005412378052285
 14503.03475896652 11272.425453364165 1.0006383449023373
 14908.807835199077 13149.467193434544 1.0001382297107306
 15450.047231234163 3701.4906574483252 1.000438541580323
 15789.40291653561 1057.8710812586853 1.000165363982493
 16636.996544658577 16509.756945446083 1.0004882274355087
 20190.191557305956 10769.372032827467 1.0007834947702385
 21029.369579778242 8814.7767638452315 1.0005205623776268


