# Created by Octave 6.2.0, Mon Jun 21 14:02:18 2021 CEST <m@archaeopteryx>
# name: rotation
# type: matrix
# rows: 3
# columns: 3
 0.99895124179179129 -0.0010051085953663795 1085.6652031780641
 6.8744075988250961e-06 0.99971671524480865 -6018.8470918889716
 3.2321303432798049e-24 -7.3589075263783226e-24 1


