# Created by Octave 6.2.0, Mon Jun 21 14:02:18 2021 CEST <m@archaeopteryx>
# name: translation
# type: matrix
# rows: 1
# columns: 3
 -1041.4698383403556 6061.5936554323516 0


