# Created by Octave 6.2.0, Thu Jun 24 17:08:54 2021 CEST <m@archaeopteryx>
# name: rekovered_transform
# type: matrix
# rows: 3
# columns: 3
 -0.3252645717362459 -0.10568393673942532 -0.93969881551936285
 -0.3090131102773383 0.95105777830604343 -5.4602898502675856e-07
 -0.89370792547115863 -0.2903790761036853 0.34200312295534396


