# Created by Octave 6.2.0, Thu Jun 24 17:08:54 2021 CEST <m@archaeopteryx>
# name: rekovered_translation
# type: matrix
# rows: 1
# columns: 3
 0.011301175355494292 0.0058563128035360248 0.034061389338234049


